COD;COUNTRY;YEAR;IDH;IDHr;INBpc;CONTCORR;EGOB;ESTPOL;CALIREG;RJUE;VOZYREND;GasSocial;IDEM;IPC;ILIB;IGINIGM;IGINICEPAL;RJUEd;GasSociald;LGasSocial;LLIB;CONTCORRp;EGOBp;ESTPOLp;CALIREGp;RJUEp;VOZYRENDp;LCONTCORRp;LEGOBp;LESTPOLp;LCALIREGp;LRJUEp;LVOZYRENDp;CONTCORRpd;EGOBpd;ESTPOLpd;CALIREGpd;RJUEpd;VOZYRENDpd
ARG;Argentina;2007;0.806;0.819;21867;-0.34;-0.02;0.1;-0.67;-0.59;0.45;9;66.3;29;2;45.8;0.437;-0.02;0.6;0.954242509;0.301029996;45.15;53.4;46.86;25.73;34.45;58.65;1.6547;1.7275;1.6708;1.4104;1.5372;1.7683;2.2200;-1.7200;0.9700;-0.7400;0.0000;0.4800
ARG;Argentina;2008;0.81;0.823;22551;-0.44;-0.15;-0.09;-0.74;-0.68;0.36;9.1;66.3;29;2;44.9;0.413;-0.09;0.1;0.959041392;0.301029996;39.32;50.49;40.87;23.3;27.88;58.17;1.5946;1.7032;1.6114;1.3674;1.4454;1.7647;-5.8300;-2.9100;-5.9900;-2.4300;-6.5651;-0.4800
ARG;Argentina;2009;0.81;0.829;20877;-0.44;-0.32;-0.23;-0.85;-0.68;0.28;11.2;67.35;29;2;44;0.413;0;2.1;1.049218023;0.301029996;39.71;45.93;36.97;22.49;30.81;56.4;1.5989;1.6621;1.5678;1.3520;1.4886;1.7513;0.3900;-4.5600;-3.9000;-0.8100;2.9211;-1.7700
ARG;Argentina;2010;0.818;0.834;22727;-0.36;-0.16;-0.08;-0.76;-0.59;0.36;11.1;68.4;29;2;43;0.412;0.09;-0.1;1.045322979;0.301029996;43.33;49.28;42.65;23.92;33.18;58.29;1.6368;1.6927;1.6299;1.3788;1.5208;1.7656;3.6200;3.3500;5.6800;1.4300;2.3697;1.8900
ARG;Argentina;2011;0.823;0.838;23947;-0.37;-0.12;0.16;-0.72;-0.56;0.34;11.3;68.4;30;2;42.3;0.406;0.03;0.2;1.053078443;0.301029996;44.08;49.76;52.13;25.59;33.33;58.22;1.6442;1.6969;1.7171;1.4081;1.5229;1.7651;0.7500;0.4800;9.4800;1.6700;0.1580;-0.0700
ARG;Argentina;2012;0.823;0.838;23516;-0.44;-0.24;0.1;-0.93;-0.68;0.3;12.1;68.4;35;2;41.8;0.389;-0.12;0.8;1.08278537;0.301029996;39.34;46.92;49.29;20.85;30.99;57.28;1.5948;1.6714;1.6928;1.3191;1.4912;1.7580;-4.7400;-2.8400;-2.8400;-4.7400;-2.3474;-0.9400
ARG;Argentina;2013;0.824;0.84;23852;-0.43;-0.28;0.07;-0.96;-0.71;0.28;13;68.4;34;2;41.6;0.389;-0.03;0.9;1.113943352;0.301029996;40.28;45.97;48.34;18.01;29.58;56.81;1.6051;1.6625;1.6843;1.2555;1.4710;1.7544;0.9400;-0.9500;-0.9500;-2.8400;-1.4085;-0.4700
ARG;Argentina;2014;0.825;0.843;23048;-0.54;-0.16;-0.01;-1.07;-0.89;0.35;13;68.4;34;2;41.6;0.391;-0.18;0;1.113943352;0.301029996;35.1;46.63;45.71;12.5;18.75;59.11;1.5453;1.6687;1.6600;1.0969;1.2730;1.7717;-5.1800;0.6600;-2.6300;-5.5100;-10.8275;2.3000
ARG;Argentina;2015;0.828;0.847;23466;-0.55;-0.08;0.01;-0.91;-0.77;0.41;14.1;70.2;32;2;41.8;0.392;0.12;1.1;1.149219113;0.301029996;33.65;50;46.19;17.31;24.04;60.1;1.5270;1.6990;1.6645;1.2383;1.3809;1.7789;-1.4500;3.3700;0.4800;4.8100;5.2885;0.9900
ARG;Argentina;2016;0.828;0.849;22697;-0.28;0.16;0.2;-0.47;-0.39;0.49;14.2;69.6;36;2;42.1;0.393;0.38;0.1;1.152288344;0.301029996;47.12;60.1;52.86;33.65;37.50;63.55;1.6732;1.7789;1.7231;1.5270;1.5740;1.8031;13.4700;10.1000;6.6700;16.3400;13.4615;3.4500
ARG;Argentina;2017;0.832;0.854;22962;-0.26;0.15;0.17;-0.29;-0.25;0.53;14.6;69.6;39;2;42.3;0.388;0.14;0.4;1.164352856;0.301029996;47.6;58.65;53.33;41.35;46.15;65.52;1.6776;1.7683;1.7270;1.6165;1.6642;1.8164;0.4800;-1.4500;0.4700;7.7000;8.6538;1.9700
ARG;Argentina;2018;0.83;0.856;21918;-0.07;0.03;0.02;-0.29;-0.24;0.56;13.5;70.2;40;2;42.4;0.396;0.01;-1.1;1.130333768;0.301029996;55.29;54.81;47.62;42.31;45.67;66.5;1.7426;1.7389;1.6778;1.6264;1.6597;1.8228;7.6900;-3.8400;-5.7100;0.9600;-0.4808;0.9800
BOL;Bolivia (Plurinational State of);2007;0.638;0.667;5847;-0.4;-0.57;-0.85;-0.98;-0.83;0.04;11.7;60.65;29;3;54;0.586;0.02;-0.1;1.068185862;0.477121255;39.81;32.04;19.32;16.99;22.49;47.6;1.6000;1.5057;1.2860;1.2302;1.3520;1.6776;0.7900;4.2400;-3.3900;-2.6200;-1.4354;-1.9200
BOL;Bolivia (Plurinational State of);2008;0.647;0.678;6133;-0.52;-0.62;-0.7;-0.87;-0.97;0;11.5;61.5;30;3;51.8;0.513;-0.14;-0.2;1.06069784;0.477121255;35.92;31.55;23.56;18.93;17.31;48.08;1.5553;1.4990;1.3722;1.2772;1.2382;1.6820;-3.8900;-0.4900;4.2400;1.9400;-5.1803;0.4800
BOL;Bolivia (Plurinational State of);2009;0.651;0.683;6199;-0.63;-0.6;-0.51;-0.88;-1.11;0.01;13;60.35;27;3;49.7;0.511;-0.14;1.5;1.113943352;0.477121255;28.71;33.49;27.49;21.05;14.22;48.82;1.4580;1.5249;1.4392;1.3233;1.1528;1.6886;-7.2100;1.9400;3.9300;2.1200;-3.0897;0.7400
BOL;Bolivia (Plurinational State of);2010;0.656;0.689;6301;-0.47;-0.5;-0.42;-0.8;-1.02;-0.04;12.3;59.2;28;3;48.1;0.491;0.09;-0.7;1.089905111;0.477121255;39.05;37.8;32.23;23.44;15.17;47.39;1.5916;1.5775;1.5083;1.3700;1.1809;1.6757;10.3400;4.3100;4.7400;2.3900;0.9479;-1.4300
BOL;Bolivia (Plurinational State of);2011;0.66;0.692;6481;-0.57;-0.47;-0.42;-0.76;-0.98;-0.07;11.2;58.4;27.6;3;47.4;0.471;0.04;-1.1;1.049218023;0.477121255;34.12;39.81;33.18;24.17;16.90;46.48;1.5330;1.6000;1.5209;1.3833;1.2279;1.6673;-4.9300;2.0100;0.9500;0.7300;1.7355;-0.9100
BOL;Bolivia (Plurinational State of);2012;0.663;0.697;6608;-0.73;-0.37;-0.46;-0.82;-1.02;-0.08;11;58.4;34;3;47.1;0.474;-0.04;-0.2;1.041392685;0.477121255;27.01;43.13;33.18;22.75;15.96;45.54;1.4315;1.6348;1.5209;1.3570;1.2031;1.6584;-7.1100;3.3200;0.0000;-1.4200;-0.9390;-0.9400
BOL;Bolivia (Plurinational State of);2013;0.673;0.707;6937;-0.59;-0.39;-0.33;-0.78;-1.05;-0.07;10.9;57.9;34;3;47;0.48;-0.03;-0.1;1.037426498;0.477121255;34.6;43.13;36.49;24.17;15.02;46.48;1.5391;1.6348;1.5622;1.3833;1.1768;1.6673;7.5900;0.0000;3.3100;1.4200;-0.9390;0.9400
BOL;Bolivia (Plurinational State of);2014;0.678;0.712;7314;-0.63;-0.59;-0.33;-0.87;-1.06;-0.03;11.6;57.9;35;3;46.7;0.471;-0.01;0.7;1.064457989;0.477121255;30.29;28.85;33.33;20.67;12.98;48.28;1.4813;1.4601;1.5228;1.3153;1.1133;1.6838;-4.3100;-14.2800;-3.1600;-3.5000;-2.0427;1.8000
BOL;Bolivia (Plurinational State of);2015;0.685;0.717;7718;-0.7;-0.65;-0.27;-0.89;-1.14;0;12.5;57.5;34;3;46.3;0.454;-0.08;0.9;1.096910013;0.477121255;26.92;29.33;36.67;19.23;10.58;46.8;1.4301;1.4673;1.5643;1.2840;1.0244;1.6702;-3.3700;0.4800;3.3400;-1.4400;-2.4038;-1.4800
BOL;Bolivia (Plurinational State of);2016;0.692;0.725;8057;-0.72;-0.57;-0.25;-0.92;-1.2;-0.04;12.6;56.3;33;3;45.7;0.466;-0.06;0.1;1.100370545;0.477121255;25;33.17;36.67;17.31;9.62;45.32;1.3979;1.5207;1.5643;1.2383;0.9830;1.6563;-1.9200;3.8400;0.0000;-1.9200;-0.9615;-1.4800
BOL;Bolivia (Plurinational State of);2017;0.7;0.735;8186;-0.66;-0.38;-0.28;-0.9;-1.21;-0.02;12.7;54.9;33;3;45.1;0.461;-0.01;0.1;1.103803721;0.477121255;28.37;37.98;34.29;16.35;9.62;45.32;1.4529;1.5796;1.5352;1.2135;0.9830;1.6563;3.3700;4.8100;-2.3800;-0.9600;0.0000;0.0000
BOL;Bolivia (Plurinational State of);2018;0.703;0.737;8445;-0.62;-0.32;-0.28;-0.91;-1.15;-0.04;12.7;57;29;3;44.6;0.438;0.06;0;1.103803721;0.477121255;28.85;39.9;37.14;15.38;9.62;44.33;1.4601;1.6010;1.5698;1.1870;0.9830;1.6467;0.4800;1.9200;2.8500;-0.9700;0.0000;-0.9900
BRA;Brazil;2007;0.705;0.69;13280;-0.08;-0.21;-0.36;-0.03;-0.37;0.54;14.3;73.8;35;2;54.9;0.543;0;-0.1;1.155336037;0.301029996;55.34;48.06;32.85;53.4;43.54;63.94;1.7430;1.6818;1.5165;1.7275;1.6389;1.8058;1.1900;4.1600;-2.4200;-0.5200;-0.4785;2.8800
BRA;Brazil;2008;0.716;0.704;13774;0.01;-0.09;-0.31;0.05;-0.32;0.57;14;73.8;35;2;54.3;0.536;0.05;-0.3;1.146128036;0.301029996;59.22;52.43;33.65;54.37;46.15;63.94;1.7725;1.7196;1.5270;1.7354;1.6642;1.8058;3.8800;4.3700;0.8000;0.9700;2.6132;0.0000
BRA;Brazil;2009;0.718;0.707;13649;-0.07;-0.09;0.17;0.1;-0.16;0.52;15.2;72.5;37;2;53.8;0.533;0.16;1.2;1.181843588;0.301029996;56.46;51.67;51.18;54.55;50.71;62.56;1.7517;1.7132;1.7091;1.7368;1.7051;1.7963;-2.7600;-0.7600;17.5300;0.1800;4.5571;-1.3800
BRA;Brazil;2010;0.726;0.715;14409;0.05;-0.04;0.01;0.15;0.04;0.57;15;71.2;37;2;53.3;0.5295;0.2;-0.2;1.176091259;0.301029996;60;54.07;45.97;55.02;55.92;65.88;1.7782;1.7330;1.6625;1.7405;1.7476;1.8188;3.5400;2.4000;-5.2100;0.4700;5.2133;3.3200
BRA;Brazil;2011;0.73;0.719;14921;0.17;-0.12;-0.13;0.17;0.04;0.51;14.9;71.2;37.7;2;53.1;0.526;0;-0.1;1.173186268;0.301029996;63.03;50.71;41.23;55.92;56.34;63.38;1.7995;1.7051;1.6152;1.7476;1.7508;1.8020;3.0300;-3.3600;-4.7400;0.9000;0.4139;-2.5000
BRA;Brazil;2012;0.734;0.724;15083;-0.04;-0.13;0.05;0.09;-0.07;0.48;15.3;71.2;43;2;52.6;0.523;-0.11;0.4;1.184691431;0.301029996;58.29;49.76;46.45;55.45;53.05;62.91;1.7656;1.6969;1.6670;1.7439;1.7247;1.7987;-4.7400;-0.9500;5.2200;-0.4700;-3.2864;-0.4700
BRA;Brazil;2013;0.752;0.748;15579;-0.08;-0.09;-0.26;0.07;-0.08;0.42;15.4;71.2;42;2;52.2;0.522;-0.01;0.1;1.187520721;0.301029996;55.92;50.71;36.97;54.5;52.58;60.56;1.7476;1.7051;1.5678;1.7364;1.7208;1.7822;-2.3700;0.9500;-9.4800;-0.9500;-0.4695;-2.3500
BRA;Brazil;2014;0.755;0.753;15450;-0.34;-0.14;-0.07;-0.08;-0.05;0.47;15.9;73.8;43;2;51.9;0.514;0.03;0.5;1.201397124;0.301029996;46.63;47.6;42.86;51.44;56.25;62.07;1.6687;1.6776;1.6321;1.7113;1.7501;1.7929;-9.2900;-3.1100;5.8900;-3.0600;3.6678;1.5100
BRA;Brazil;2015;0.755;0.757;14775;-0.4;-0.18;-0.33;-0.19;-0.15;0.46;16.3;69.6;38;2;51.6;0.511;-0.1;0.4;1.212187604;0.301029996;42.79;48.08;34.29;48.08;51.44;62.07;1.6313;1.6820;1.5352;1.6820;1.7113;1.7929;-3.8400;0.4800;-8.5700;-3.3600;-4.8077;0.0000
BRA;Brazil;2016;0.757;0.763;14139;-0.38;-0.17;-0.38;-0.21;-0.16;0.45;17.3;69;40;2;51.4;0.532;-0.01;1;1.238046103;0.301029996;42.79;46.63;31.9;46.63;49.04;62.07;1.6313;1.6687;1.5038;1.6687;1.6905;1.7929;0.0000;-1.4500;-2.3900;-1.4500;-2.4038;0.0000
BRA;Brazil;2017;0.76;0.767;14248;-0.53;-0.29;-0.42;-0.11;-0.28;0.45;17.6;68.6;37;2;51.3;0.533;-0.12;0.3;1.245512668;0.301029996;36.06;41.83;30.48;51.44;43.27;61.58;1.5570;1.6215;1.4840;1.7113;1.6362;1.7894;-6.7300;-4.8000;-1.4200;4.8100;-5.7692;-0.4900
BRA;Brazil;2018;0.761;0.768;14182;-0.4;-0.45;-0.39;-0.32;-0.25;0.4;17.7;69.7;35;2;51.3;0.54;0.03;0.1;1.247973266;0.301029996;40.38;36.06;32.38;39.9;44.71;60.59;1.6062;1.5570;1.5103;1.6010;1.6504;1.7824;4.3200;-5.7700;1.9000;-11.5400;1.4423;-0.9900
CHL;Chile;2007;0.801;0.816;17399;1.4;1.28;0.41;1.51;1.29;1.1;11.8;78.9;70;1;48.7;0.4805;0.02;0.3;1.071882007;0;90.78;87.38;58.94;92.23;88.04;85.1;1.9580;1.9414;1.7704;1.9649;1.9447;1.9299;-0.4400;4.9400;-5.7900;0.0700;-1.4354;-0.9600
CHL;Chile;2008;0.811;0.826;18659;1.38;1.17;0.43;1.52;1.31;1.01;13.5;78.9;69;1;48.5;0.47925;0.02;1.7;1.130333768;0;90.78;84.47;58.65;92.72;88.46;80.29;1.9580;1.9267;1.7683;1.9672;1.9468;1.9047;0.0000;-2.9100;-0.2900;0.4900;0.4233;-4.8100
CHL;Chile;2009;0.819;0.84;18342;1.38;1.25;0.6;1.46;1.3;1.02;15.7;77.8;67;1;48.4;0.478;-0.01;2.2;1.195899652;0;89.47;85.17;66.82;92.34;88.15;79.15;1.9517;1.9303;1.8249;1.9654;1.9452;1.8985;-1.3100;0.7000;8.1700;-0.3800;-0.3099;-1.1400
CHL;Chile;2010;0.8;0.808;19074;1.5;1.27;0.68;1.44;1.34;1.1;14.8;76.7;72;1;48.2;0.4735;0.04;-0.9;1.170261715;0;90.48;86.6;68.25;91.39;88.15;82.94;1.9566;1.9375;1.8341;1.9609;1.9452;1.9188;1.0100;1.4300;1.4300;-0.9500;0.0000;3.7900
CHL;Chile;2011;0.812;0.821;20264;1.53;1.25;0.45;1.46;1.37;1.07;14.3;75.4;72.1;1;47.9;0.469;0.03;-0.5;1.155336037;0;90.05;85.31;62.09;91.47;88.73;82.63;1.9545;1.9310;1.7930;1.9613;1.9481;1.9171;-0.4300;-1.2900;-6.1600;0.0800;0.5807;-0.3100
CHL;Chile;2012;0.818;0.827;21468;1.58;1.26;0.33;1.54;1.39;1.08;14.6;75.4;72;1;47.6;0.4675;0.02;0.3;1.164352856;0;91;86.26;57.82;92.42;88.73;83.1;1.9590;1.9358;1.7621;1.9658;1.9481;1.9196;0.9500;0.9500;-4.2700;0.9500;0.0000;0.4700
CHL;Chile;2013;0.83;0.841;22056;1.54;1.26;0.36;1.49;1.37;1.11;14.7;78;71;1;47.5;0.466;-0.02;0.1;1.167317335;0;90.52;86.73;59.72;91.94;87.79;84.51;1.9567;1.9382;1.7761;1.9635;1.9435;1.9269;-0.4800;0.4700;1.9000;-0.4800;-0.9390;1.4100
CHL;Chile;2014;0.834;0.847;22501;1.49;1.16;0.45;1.49;1.43;1.06;15;78;73;1;47.5;0.4595;0.06;0.3;1.176091259;0;90.87;84.62;60;91.83;87.98;80.79;1.9584;1.9275;1.7782;1.9630;1.9444;1.9074;0.3500;-2.1100;0.2800;-0.1100;0.1873;-3.7200
CHL;Chile;2015;0.839;0.853;22949;1.28;1.09;0.43;1.35;1.34;1;15.8;78.4;70;1;47.5;0.453;-0.09;0.8;1.198657087;0;87.5;83.17;60;88.94;87.02;79.31;1.9420;1.9200;1.7782;1.9491;1.9396;1.8993;-3.3700;-1.4500;0.0000;-2.8900;-0.9615;-1.4800
CHL;Chile;2016;0.843;0.858;23003;1.14;1.01;0.41;1.37;1.13;1;16.1;77.8;66;1;47.6;0.4535;-0.21;0.3;1.206825876;0;82.69;79.33;60.48;89.9;85.10;77.83;1.9175;1.8994;1.7816;1.9538;1.9299;1.8911;-4.8100;-3.8400;0.4800;0.9600;-1.9231;-1.4800
CHL;Chile;2017;0.845;0.863;22685;1.04;0.84;0.42;1.34;1.01;1;16.4;78.4;67;1;47.7;0.454;-0.12;0.3;1.214843848;0;82.21;77.88;61.9;88.94;81.73;79.31;1.9149;1.8914;1.7917;1.9491;1.9124;1.8993;-0.4800;-1.4500;1.4200;-0.9600;-3.3654;1.4800
CHL;Chile;2018;0.847;0.864;23222;1.05;1.08;0.44;1.34;1.09;1.06;16.4;79.7;67;1;47.7;0.454;0.08;0;1.214843848;0;82.21;81.73;60.95;88.46;83.17;82.27;1.9149;1.9124;1.7850;1.9467;1.9200;1.9152;0.0000;3.8500;-0.9500;-0.4800;1.4423;2.9600
COL;Colombia;2007;0.713;0.721;10946;-0.22;-0.05;-1.8;0.24;-0.44;-0.17;11.4;64.7;38;3;54.5;0.561;0.07;0.7;1.056904851;0.477121255;51.46;52.43;7.25;58.25;40.67;42.31;1.7115;1.7196;0.8603;1.7653;1.6093;1.6264;-2.2000;2.1900;3.3900;2.8600;1.9139;1.4400
COL;Colombia;2008;0.72;0.73;11114;-0.24;-0.03;-1.85;0.26;-0.4;-0.17;11.3;65.4;38;3.5;54.7;0.572;0.04;-0.1;1.053078443;0.544068044;50.49;54.37;5.77;59.71;41.83;42.79;1.7032;1.7354;0.7612;1.7760;1.6215;1.6313;-0.9700;1.9400;-1.4800;1.4600;1.1571;0.4800
COL;Colombia;2009;0.724;0.737;11160;-0.31;-0.25;-1.83;0.15;-0.39;-0.15;13.3;65.45;37;3.5;54.6;0.557;0.01;2;1.123851641;0.544068044;46.89;48.8;5.21;55.98;43.13;42.65;1.6711;1.6884;0.7168;1.7480;1.6348;1.6299;-3.6000;-5.5700;-0.5600;-3.7300;1.3010;-0.1400
COL;Colombia;2010;0.729;0.741;11461;-0.39;-0.06;-1.54;0.25;-0.31;-0.13;12.2;65.5;35;3.5;54.2;0.56;0.08;-1.1;1.086359831;0.544068044;42.38;51.67;8.53;58.85;45.97;42.65;1.6272;1.7132;0.9309;1.7697;1.6625;1.6299;-4.5100;2.8700;3.3200;2.8700;2.8436;0.0000
COL;Colombia;2011;0.735;0.747;12050;-0.29;0.04;-1.28;0.36;-0.26;-0.06;12.3;66.3;34.5;3.5;53.7;0.549;0.05;0.1;1.089905111;0.544068044;49.29;56.4;12.32;61.61;47.42;46.95;1.6928;1.7513;1.0906;1.7897;1.6759;1.6716;6.9100;4.7300;3.7900;2.7600;1.4463;4.3000
COL;Colombia;2012;0.736;0.746;12469;-0.39;0.02;-1.4;0.4;-0.35;-0.06;12.4;66.3;36;3.5;53.4;0.539;-0.09;0.1;1.093421685;0.544068044;43.13;57.35;8.06;64.45;45.07;46.01;1.6348;1.7585;0.9063;1.8092;1.6539;1.6629;-6.1600;0.9500;-4.2600;2.8400;-2.3474;-0.9400
COL;Colombia;2013;0.746;0.757;13032;-0.41;0.07;-1.29;0.4;-0.41;-0.08;12.8;65.5;36;3.5;52.7;0.54;-0.06;0.4;1.10720997;0.544068044;42.18;57.82;10.43;63.98;41.78;45.54;1.6251;1.7621;1.0183;1.8060;1.6210;1.6584;-0.9500;0.4700;2.3700;-0.4700;-3.2864;-0.4700
COL;Colombia;2014;0.75;0.76;13564;-0.37;-0.1;-1.11;0.5;-0.29;-0.04;12.9;65.5;37;3.5;52.1;0.54;0.12;0.1;1.11058971;0.544068044;44.23;49.52;10.95;67.79;44.71;47.78;1.6457;1.6948;1.0394;1.8312;1.6504;1.6792;2.0500;-8.3000;0.5200;3.8100;2.9275;2.2400
COL;Colombia;2015;0.753;0.763;14038;-0.3;-0.04;-1.07;0.47;-0.27;0;13;66.2;37;3.5;51.7;0.524;0.02;0.1;1.113943352;0.544068044;47.6;52.4;12.86;68.75;46.63;47.78;1.6776;1.7193;1.1092;1.8373;1.6687;1.6792;3.3700;2.8800;1.9100;0.9600;1.9231;0.0000
COL;Colombia;2016;0.759;0.77;14186;-0.32;0.02;-0.88;0.4;-0.28;0.12;12.5;66.7;37;3;51.3;0.521;-0.01;-0.5;1.096910013;0.477121255;44.71;53.37;16.19;67.31;43.75;49.75;1.6504;1.7273;1.2092;1.8281;1.6410;1.6968;-2.8900;0.9700;3.3300;-1.4400;-2.8846;1.9700
COL;Colombia;2017;0.76;0.774;14055;-0.37;-0.07;-0.77;0.34;-0.36;0.11;13.4;66.7;37;3;50.9;0.511;-0.08;0.9;1.127104798;0.477121255;43.75;51.44;17.62;65.87;40.38;49.26;1.6410;1.7113;1.2460;1.8187;1.6062;1.6925;-0.9600;-1.9300;1.4300;-1.4400;-3.3654;-0.4900
COL;Colombia;2018;0.761;0.775;14085;-0.29;-0.09;-0.79;0.32;-0.41;0.19;12.6;69.6;36;3;50.8;0.52;-0.05;-0.8;1.100370545;0.477121255;45.19;50;19.52;64.42;38.46;52.71;1.6550;1.6990;1.2905;1.8090;1.5850;1.7219;1.4400;-1.4400;1.9000;-1.4500;-1.9231;3.4500
CRA;Costa Rica;2007;0.742;0.751;14854;0.52;0.2;0.58;0.42;0.38;0.94;8;80.4;50;1;49.1;0.498;-0.09;0.3;0.903089987;0;71.84;60.68;66.67;64.56;60.77;75;1.8564;1.7830;1.8239;1.8100;1.7837;1.8751;1.6000;4.5800;-2.4100;1.3200;-2.8708;-0.4800
CRA;Costa Rica;2008;0.75;0.76;15447;0.55;0.28;0.36;0.46;0.46;0.97;8.9;80.4;51;1;49.2;0.491;0.08;0.9;0.949390007;0;73.3;64.08;55.77;64.08;63.94;76.92;1.8651;1.8067;1.7464;1.8067;1.8058;1.8860;1.4600;3.4000;-10.9000;-0.4800;3.1768;1.9200
CRA;Costa Rica;2009;0.751;0.766;14887;0.75;0.33;0.59;0.42;0.56;1.01;10.1;80.4;53;1;49.1;0.512;0.1;1.2;1.004321374;0;73.68;64.59;65.88;65.07;66.35;77.73;1.8673;1.8102;1.8188;1.8134;1.8218;1.8906;0.3800;0.5100;10.1100;0.9900;2.4084;0.8100
CRA;Costa Rica;2010;0.754;0.767;15426;0.71;0.31;0.69;0.47;0.52;1.04;11.9;80.4;53;1;48.9;0.492;-0.04;1.8;1.075546961;0;72.86;64.59;70.14;66.51;65.40;80.57;1.8625;1.8102;1.8460;1.8229;1.8156;1.9062;-0.8200;0.0000;4.2600;1.4400;-0.9479;2.8400
CRA;Costa Rica;2011;0.768;0.786;15876;0.65;0.34;0.51;0.45;0.45;1.05;11.5;81;48;1;49.1;0.5;-0.07;-0.4;1.06069784;0;72.51;64.45;63.03;66.35;62.91;81.22;1.8604;1.8092;1.7995;1.8218;1.7987;1.9097;-0.3500;-0.1400;-7.1100;-0.1600;-2.4921;0.6500
CRA;Costa Rica;2012;0.774;0.791;16481;0.62;0.5;0.64;0.57;0.52;1.09;12;81;54;1;48.7;0.502;0.07;0.5;1.079181246;0;72.51;68.72;67.77;70.62;65.73;83.57;1.8604;1.8371;1.8310;1.8489;1.8177;1.9221;0.0000;4.2700;4.7400;4.2700;2.8169;2.3500
CRA;Costa Rica;2013;0.777;0.796;16567;0.63;0.48;0.68;0.58;0.55;1.08;12.1;80.3;53;1;48.7;0.508;0.03;0.1;1.08278537;0;72.04;68.25;67.77;69.67;66.67;83.1;1.8576;1.8341;1.8310;1.8430;1.8239;1.9196;-0.4700;-0.4700;0.0000;-0.9500;0.9390;-0.4700
CRA;Costa Rica;2014;0.785;0.807;16863;0.76;0.4;0.58;0.51;0.56;1.14;12.1;80.3;54;1;48.7;0.498;0.01;0;1.08278537;0;75;68.75;65.24;68.27;72.12;85.22;1.8751;1.8373;1.8145;1.8342;1.8580;1.9305;2.9600;0.5000;-2.5300;-1.4000;5.4487;2.1200
CRA;Costa Rica;2015;0.786;0.806;17238;0.75;0.38;0.68;0.53;0.5;1.15;12.4;79.6;55;1;48.7;0.496;-0.06;0.3;1.093421685;0;75.96;66.83;67.62;69.71;69.71;86.21;1.8806;1.8250;1.8301;1.8433;1.8433;1.9356;0.9600;-1.9200;2.3800;1.4400;-2.4038;0.9900
CRA;Costa Rica;2016;0.789;0.809;17783;0.74;0.36;0.66;0.41;0.47;1.12;12.3;78.8;58;1;48.6;0.5;-0.03;-0.1;1.089905111;0;76.44;67.31;67.62;67.79;68.27;84.73;1.8833;1.8281;1.8301;1.8312;1.8342;1.9280;0.4800;0.4800;0.0000;-1.9200;-1.4423;-1.4800
CRA;Costa Rica;2017;0.792;0.812;18161;0.47;0.25;0.61;0.45;0.45;1.12;12.5;78.8;59;1;48.6;0.496;-0.02;0.2;1.096910013;0;66.83;62.02;66.19;69.23;67.79;84.73;1.8250;1.7925;1.8208;1.8403;1.8312;1.9280;-9.6100;-5.2900;-1.4300;1.4400;-0.4808;0.0000
CRA;Costa Rica;2018;0.794;0.814;18371;0.55;0.38;0.48;0.49;0.48;1.14;12.1;80.7;56;1;48.7;0.493;0.03;-0.4;1.08278537;0;70.67;67.79;62.86;68.75;69.23;84.73;1.8492;1.8312;1.7984;1.8373;1.8403;1.9280;3.8400;5.7700;-3.3300;-0.4800;1.4423;0.0000
CUB;Cuba;2007;0.768;0.853;6636;0.31;-0.2;0.45;-1.56;-0.68;-1.85;11.5;35.2;42;7;43;;0.08;0;1.06069784;0.84509804;66.02;49.51;60.87;4.37;29.19;3.37;1.8197;1.6947;1.7844;0.6405;1.4652;0.5276;2.1200;1.2200;0.4800;-2.4900;3.3493;0.4900
CUB;Cuba;2008;0.778;0.866;6911;0.27;-0.38;0.52;-1.5;-0.82;-1.8;16.7;35.2;43;6.5;43.2;;-0.14;5.2;1.222716471;0.812913357;64.56;42.72;63.46;3.88;22.60;3.85;1.8100;1.6306;1.8025;0.5888;1.3540;0.5855;-1.4600;-6.7900;2.5900;-0.4900;-6.5905;0.4800
CUB;Cuba;2009;0.78;0.868;6953;0.28;-0.36;0.36;-1.6;-0.71;-1.7;20.1;35.2;44;6.5;43.2;;0.11;3.4;1.303196057;0.812913357;66.03;44.02;56.4;3.83;28.44;4.27;1.8197;1.6437;1.7513;0.5832;1.4539;0.6304;1.4700;1.3000;-7.0600;-0.0500;5.8399;0.4200
CUB;Cuba;2010;0.776;0.86;7151;0.31;-0.36;0.35;-1.67;-0.72;-1.62;19.9;35.2;37;6.5;43.3;;-0.01;-0.2;1.298853076;0.812913357;65.71;43.06;56.87;3.35;28.91;6.16;1.8176;1.6341;1.7549;0.5250;1.4610;0.7896;-0.3200;-0.9600;0.4700;-0.4800;0.4739;1.8900
CUB;Cuba;2011;0.775;0.854;7395;0.27;-0.38;0.28;-1.63;-0.69;-1.61;17.6;35.2;41.6;6.5;43.4;;0.03;-2.3;1.245512668;0.812913357;64.45;43.13;55.45;3.32;30.05;6.1;1.8092;1.6348;1.7439;0.5211;1.4778;0.7853;-1.2600;0.0700;-1.4200;-0.0300;1.1370;-0.0600
CUB;Cuba;2012;0.764;0.834;7618;0.24;-0.4;0.31;-1.56;-0.71;-1.51;19.2;35.2;48;6.5;43.4;;-0.02;1.6;1.283301229;0.812913357;63.51;42.18;57.35;3.79;29.11;6.57;1.8028;1.6251;1.7585;0.5786;1.4640;0.8176;-0.9400;-0.9500;1.9000;0.4700;-0.9390;0.4700
CUB;Cuba;2013;0.762;0.827;7823;0.12;-0.44;0.37;-1.58;-0.7;-1.48;11.9;35.2;46;6.5;43.4;;0.01;-7.3;1.075546961;0.812913357;61.61;39.81;60.19;3.79;30.05;6.57;1.7897;1.6000;1.7795;0.5786;1.4778;0.8176;-1.9000;-2.3700;2.8400;0.0000;0.9390;0.0000
CUB;Cuba;2014;0.764;0.83;7879;0.07;-0.05;0.54;-1.33;-0.66;-1.54;10.9;35.2;46;6.5;43.4;;0.04;-1;1.037426498;0.812913357;58.65;52.88;63.33;7.69;29.81;6.4;1.7683;1.7233;1.8016;0.8859;1.4743;0.8062;-2.9600;13.0700;3.1400;3.9000;-0.2393;-0.1700
CUB;Cuba;2015;0.768;0.832;8218;0.07;0.02;0.64;-1.22;-0.7;-1.56;10.6;35.2;47;6.5;43.4;;-0.04;-0.3;1.025305865;0.812913357;60.1;54.33;66.19;7.69;28.37;6.4;1.7789;1.7350;1.8208;0.8859;1.4528;0.8062;1.4500;1.4500;2.8600;0.0000;-1.4423;0.0000
CUB;Cuba;2016;0.771;0.837;8242;0.17;-0.1;0.69;-1.34;-0.44;-1.56;10.1;34.6;47;6.5;43.4;;0.26;-0.5;1.004321374;0.812913357;62.02;50;70;6.73;34.62;6.9;1.7925;1.6990;1.8451;0.8280;1.5393;0.8388;1.9200;-4.3300;3.8100;-0.9600;6.2500;0.5000
CUB;Cuba;2017;0.777;0.845;8388;0.27;-0.18;0.65;-1.33;-0.43;-1.55;14.6;33.1;47;6.5;43.4;;0.01;4.5;1.164352856;0.812913357;64.42;45.67;68.1;7.69;35.10;7.39;1.8090;1.6596;1.8331;0.8859;1.5453;0.8686;2.4000;-4.3300;-1.9000;0.9600;0.4808;0.4900
CUB;Cuba;2018;0.778;0.845;8578;0.17;-0.24;0.66;-1.46;-0.44;-1.44;14.6;30;47;6.5;43.4;;-0.01;0;1.164352856;0.812913357;61.06;44.71;67.62;6.25;35.10;9.36;1.7858;1.6504;1.8301;0.7959;1.5453;0.9713;-3.3600;-0.9600;-0.4800;-1.4400;0.0000;1.9700
RDM;Dominican Republic;2007;0.689;0.685;11176;-0.75;-0.67;-0.08;-0.24;-0.61;0.2;6.6;61.65;30;2;49.3;0.495;-0.03;0.2;0.819543936;0.301029996;25.24;28.16;40.1;47.57;32.06;54.33;1.4021;1.4496;1.6031;1.6773;1.5059;1.7350;-2.5600;-5.9900;-1.9300;0.5100;-1.9139;0.4800
RDM;Dominican Republic;2008;0.692;0.689;11558;-0.73;-0.62;-0.04;-0.19;-0.66;0.16;7.3;62;30;2;48.7;0.489;-0.05;0.7;0.86332286;0.301029996;26.7;32.04;42.79;48.54;30.77;52.88;1.4265;1.5057;1.6313;1.6861;1.4881;1.7233;1.4600;3.8800;2.6900;0.9700;-1.2882;-1.4500
RDM;Dominican Republic;2009;0.694;0.692;11520;-0.78;-0.61;0;-0.19;-0.77;0.09;6.7;62;30;2;47.8;0.496;-0.11;-0.6;0.826074803;0.301029996;23.92;33.01;44.55;47.37;26.07;51.66;1.3788;1.5186;1.6488;1.6755;1.4161;1.7132;-2.7800;0.9700;1.7600;-1.1700;-4.7029;-1.2200
RDM;Dominican Republic;2010;0.701;0.697;12330;-0.84;-0.64;-0.04;-0.15;-0.81;0.07;6.3;62;30;2;47.2;0.48;-0.04;-0.4;0.799340549;0.301029996;20.95;31.1;44.55;48.8;24.64;51.18;1.3212;1.4928;1.6488;1.6884;1.3917;1.7091;-2.9700;-1.9100;0.0000;1.4300;-1.4218;-0.4800
RDM;Dominican Republic;2011;0.704;0.701;12531;-0.81;-0.59;0;-0.2;-0.77;0.09;6.2;62;25.9;2;47.1;0.484;0.04;-0.1;0.792391689;0.301029996;21.8;32.7;46.92;46.45;26.29;52.58;1.3385;1.5145;1.6714;1.6670;1.4198;1.7208;0.8500;1.6000;2.3700;-2.3500;1.6465;1.4000
RDM;Dominican Republic;2012;0.708;0.705;12709;-0.86;-0.51;0.25;-0.1;-0.69;0.12;7.3;64.9;32;2;46.2;0.469;0.08;1.1;0.86332286;0.301029996;19.91;37.44;54.98;48.82;30.05;55.4;1.2991;1.5733;1.7402;1.6886;1.4778;1.7435;-1.8900;4.7400;8.0600;2.3700;3.7559;2.8200
RDM;Dominican Republic;2013;0.712;0.709;13069;-0.87;-0.47;0.21;-0.07;-0.53;0.12;8.1;67.4;29;2.5;45.7;0.484;0.16;0.8;0.908485019;0.397940009;21.33;38.39;54.98;51.18;36.62;53.99;1.3290;1.5842;1.7402;1.7091;1.5637;1.7323;1.4200;0.9500;0.0000;2.3600;6.5728;-1.4100
RDM;Dominican Republic;2014;0.724;0.723;13816;-0.82;-0.44;0.15;-0.04;-0.41;0.19;7.7;66.7;32;2.5;45.3;0.449;0.12;-0.4;0.886490725;0.397940009;23.08;37.5;50.95;51.92;39.42;54.19;1.3632;1.5740;1.7071;1.7153;1.5958;1.7339;1.7500;-0.8900;-4.0300;0.7400;2.8034;0.2000
RDM;Dominican Republic;2015;0.733;0.731;14697;-0.82;-0.36;0.24;-0.04;-0.51;0.15;8.1;66.7;33;3;45.3;0.457;-0.1;0.4;0.908485019;0.477121255;21.15;41.35;54.76;52.88;35.10;52.22;1.3253;1.6165;1.7385;1.7233;1.5453;1.7178;-1.9300;3.8500;3.8100;0.9600;-4.3269;-1.9700
RDM;Dominican Republic;2016;0.738;0.734;15464;-0.76;-0.26;0.25;-0.07;-0.4;0.18;8;66.7;31;3;44.9;0.435;0.11;-0.1;0.903089987;0.477121255;23.08;43.27;55.24;53.37;37.02;52.71;1.3632;1.6362;1.7423;1.7273;1.5684;1.7219;1.9300;1.9200;0.4800;0.4900;1.9231;0.4900
RDM;Dominican Republic;2017;0.741;0.737;15942;-0.74;-0.37;0.16;-0.08;-0.42;0.16;8.5;66.6;29;3;45.2;0.433;-0.02;0.5;0.929418926;0.477121255;24.52;38.46;52.86;52.88;36.06;52.22;1.3895;1.5850;1.7231;1.7233;1.5570;1.7178;1.4400;-4.8100;-2.3800;-0.4900;-0.9615;-0.4900
RDM;Dominican Republic;2018;0.745;0.738;16927;-0.76;-0.4;0.03;-0.07;-0.38;0.14;8;65.4;30;3;45.3;0.441;0.04;-0.5;0.903089987;0.477121255;24.52;39.42;48.1;52.88;39.90;51.23;1.3895;1.5957;1.6821;1.7233;1.6010;1.7095;0.0000;0.9600;-4.7600;0.0000;3.8462;-0.9900
ECU;Ecuador;2007;0.706;0.725;9427;-0.77;-0.87;-0.81;-1.14;-1.04;-0.16;5.4;56.4;21;3;51.4;0.534;-0.01;1.1;0.73239376;0.477121255;23.3;18.93;20.29;12.62;14.35;43.27;1.3674;1.2772;1.3073;1.1011;1.1570;1.6362;-1.0900;3.3200;-0.4800;-1.1100;-0.4785;5.2900
ECU;Ecuador;2008;0.711;0.727;10015;-0.69;-0.86;-0.73;-1.14;-1.17;-0.22;6.5;56.4;20;3;50.5;0.496;-0.13;1.1;0.812913357;0.477121255;28.64;19.9;20.67;14.08;10.58;40.38;1.4570;1.2989;1.3153;1.1486;1.0244;1.6062;5.3400;0.9700;0.3800;1.4600;-3.7771;-2.8900
ECU;Ecuador;2009;0.712;0.73;9945;-0.8;-0.79;-0.67;-1.3;-1.25;-0.25;8.1;57.05;22;3;49.2;0.485;-0.08;1.6;0.908485019;0.477121255;22.49;23.92;23.22;6.22;9.00;39.34;1.3520;1.3788;1.3659;0.7938;0.9545;1.5948;-6.1500;4.0200;2.5500;-7.8600;-1.5722;-1.0400
ECU;Ecuador;2010;0.716;0.734;10187;-0.77;-0.72;-0.59;-1.17;-1.2;-0.23;8.1;57.7;25;3;47.8;0.49;0.05;0;0.908485019;0.477121255;22.86;27.75;26.07;10.05;10.90;38.86;1.3591;1.4433;1.4161;1.0022;1.0374;1.5895;0.3700;3.8300;2.8500;3.8300;1.8957;-0.4800
ECU;Ecuador;2011;0.742;0.769;10808;-0.71;-0.58;-0.69;-1.03;-1.21;-0.29;8.1;57.2;26.5;3;47.2;0.458;-0.01;0;0.908485019;0.477121255;24.64;33.65;25.59;15.64;10.80;37.09;1.3916;1.5270;1.4081;1.1942;1.0333;1.5693;1.7800;5.9000;-0.4800;5.5900;-0.1024;-1.7700
ECU;Ecuador;2012;0.74;0.763;11263;-0.58;-0.5;-0.57;-1.02;-1.13;-0.3;8.2;57.8;32;3;46.5;0.468;0.08;0.1;0.913813852;0.477121255;34.12;37.91;27.49;17.06;12.68;38.5;1.5330;1.5788;1.4392;1.2320;1.1030;1.5855;9.4800;4.2600;1.9000;1.4200;1.8779;1.4100
ECU;Ecuador;2013;0.751;0.777;11647;-0.57;-0.5;-0.18;-0.93;-0.97;-0.25;9.2;58.7;35;3;46;0.47;0.16;1;0.963787827;0.477121255;35.07;36.02;39.34;19.91;17.37;40.38;1.5449;1.5565;1.5948;1.2991;1.2398;1.6062;0.9500;-1.8900;11.8500;2.8500;4.6948;1.8800
ECU;Ecuador;2014;0.75;0.773;11892;-0.75;-0.47;-0.02;-1.01;-1.06;-0.2;8.5;58.7;33;3;45.8;0.449;-0.09;-0.7;0.929418926;0.477121255;25;35.58;45.24;15.87;12.02;39.9;1.3979;1.5512;1.6555;1.2006;1.0799;1.6010;-10.0700;-0.4400;5.9000;-4.0400;-5.3517;-0.4800
ECU;Ecuador;2015;0.758;0.787;11693;-0.67;-0.44;-0.14;-1.16;-1.03;-0.21;8.4;58.7;32;3;45.6;0.462;0.03;-0.1;0.924279286;0.477121255;28.37;38.46;40.95;11.54;13.94;39.41;1.4529;1.5850;1.6123;1.0622;1.1443;1.5956;3.3700;2.8800;-4.2900;-4.3300;1.9231;-0.4900
ECU;Ecuador;2016;0.756;0.787;11346;-0.68;-0.43;-0.09;-1.02;-0.76;-0.25;8.8;58.1;31;3.5;45.2;0.45;0.27;0.4;0.944482672;0.544068044;27.4;37.5;44.29;12.98;25.00;38.42;1.4378;1.5740;1.6463;1.1133;1.3979;1.5846;-0.9700;-0.9600;3.3400;1.4400;11.0577;-0.9900
ECU;Ecuador;2017;0.757;0.789;11360;-0.6;-0.32;-0.07;-1;-0.7;-0.17;9.2;60.2;32;3;45.2;0.444;0.06;0.4;0.963787827;0.477121255;30.77;39.9;41.43;14.42;25.48;40.89;1.4881;1.6010;1.6173;1.1590;1.4062;1.6116;3.3700;2.4000;-2.8600;1.4400;0.4808;2.4700
ECU;Ecuador;2018;0.758;0.79;11256;-0.57;-0.26;-0.08;-0.87;-0.64;0.02;9;62.7;34;3;45;0.454;0.06;-0.2;0.954242509;0.477121255;32.21;42.79;43.33;16.83;28.37;47.29;1.5080;1.6313;1.6368;1.2261;1.4528;1.6748;1.4400;2.8900;1.9000;2.4100;2.8846;6.4000
SLV;El Salvador;2007;0.644;0.657;7041;-0.37;-0.2;-0.01;0.19;-0.65;0.09;8.3;63.1;40;2.5;46.4;0.47;-0.03;-0.8;0.919078092;0.397940009;41.75;49.03;43;57.77;31.10;50.48;1.6207;1.6905;1.6335;1.7617;1.4928;1.7031;-3.6200;-2.6800;2.4200;2.8700;-0.9569;-0.9600
SLV;El Salvador;2008;0.647;0.66;7239;-0.36;-0.16;0.04;0.21;-0.67;0.11;8.3;64;39;2.5;45.4;0.474;-0.02;0;0.919078092;0.397940009;43.2;49.51;45.19;57.28;30.29;50.96;1.6355;1.6947;1.6550;1.7580;1.4813;1.7072;1.4500;0.4800;2.1900;-0.4900;-0.8120;0.4800
SLV;El Salvador;2009;0.647;0.663;6985;-0.25;-0.04;-0.01;0.32;-0.75;0.06;9.2;64.35;34;2.5;44.8;0.478;-0.08;0.9;0.963787827;0.397940009;50.72;53.59;44.08;62.2;27.49;49.76;1.7052;1.7291;1.6442;1.7938;1.4391;1.6969;7.5200;4.0800;-1.1100;4.9200;-2.8003;-1.2000
SLV;El Salvador;2010;0.659;0.68;7123;-0.28;0.01;0.06;0.36;-0.81;0.07;9.3;64.7;36;2.5;44.1;0.454;-0.06;0.1;0.968482949;0.397940009;48.1;56.46;48.34;61.72;24.17;50.71;1.6821;1.7517;1.6843;1.7904;1.3833;1.7051;-2.6200;2.8700;4.2600;-0.4800;-3.3175;0.9500
SLV;El Salvador;2011;0.656;0.672;7355;-0.26;-0.1;0.11;0.47;-0.72;0.04;9.6;64.7;34.2;2.5;43.4;0.446;0.09;0.3;0.982271233;0.397940009;50.71;52.13;49.76;67.3;29.11;50.7;1.7051;1.7171;1.6969;1.8280;1.4640;1.7050;2.6100;-4.3300;1.4200;5.5800;4.9374;-0.0100
SLV;El Salvador;2012;0.66;0.677;7447;-0.41;-0.13;0.23;0.33;-0.7;-0.04;9.7;64.7;38;2.5;42.5;0.438;0.02;0.1;0.986771734;0.397940009;42.18;50.24;54.5;59.72;29.58;46.95;1.6251;1.7010;1.7364;1.7761;1.4710;1.6716;-8.5300;-1.8900;4.7400;-7.5800;0.4695;-3.7500
SLV;El Salvador;2013;0.662;0.678;7541;-0.35;-0.12;-0.03;0.31;-0.62;-0.01;10.3;65.3;38;2.5;41.9;0.453;0.08;0.6;1.012837225;0.397940009;45.02;49.29;45.5;61.14;33.80;47.42;1.6534;1.6928;1.6580;1.7863;1.5290;1.6760;2.8400;-0.9500;-9.0000;1.4200;4.2254;0.4700
SLV;El Salvador;2014;0.66;0.675;7635;-0.38;-0.03;-0.02;0.32;-0.48;0.15;9.9;65.3;39;2.5;41.5;0.434;0.14;-0.4;0.995635195;0.397940009;43.27;54.33;43.81;63.46;36.54;51.23;1.6362;1.7350;1.6416;1.8025;1.5628;1.7095;-1.7500;5.0400;-1.6900;2.3200;2.7356;3.8100
SLV;El Salvador;2015;0.66;0.673;7765;-0.42;-0.24;-0.02;0.2;-0.59;0.15;10;66.4;39;2.5;41.1;0.426;-0.11;0.1;1;0.397940009;42.31;45.67;44.76;59.62;31.73;51.72;1.6264;1.6596;1.6509;1.7754;1.5015;1.7137;-0.9600;-8.6600;0.9500;-3.8400;-4.8077;0.4900
SLV;El Salvador;2016;0.662;0.676;7879;-0.52;-0.29;-0.1;0.09;-0.71;0.19;9.9;66.4;36;2.5;40.4;0.42;-0.12;-0.1;0.995635195;0.397940009;33.65;42.31;42.86;57.21;26.92;53.2;1.5270;1.6264;1.6321;1.7575;1.4301;1.7259;-8.6600;-3.3600;-1.9000;-2.4100;-4.8077;1.4800
SLV;El Salvador;2017;0.665;0.678;7984;-0.51;-0.36;-0.26;-0.15;-0.86;0.15;10;64.3;33;2.5;40.1;0.399;-0.15;0.1;1;0.397940009;37.98;38.94;35.71;47.6;20.19;51.72;1.5796;1.5904;1.5528;1.6776;1.3052;1.7137;4.3300;-3.3700;-7.1500;-9.6100;-6.7308;-1.4800
SLV;El Salvador;2018;0.667;0.68;8141;-0.6;-0.45;-0.38;0.04;-0.83;0.04;9;59.6;35;2.5;40;0.405;0.03;-1;0.954242509;0.397940009;29.81;36.54;32.86;57.21;19.71;48.77;1.4744;1.5628;1.5167;1.7575;1.2947;1.6882;-8.1700;-2.4000;-2.8500;9.6100;-0.4808;-2.9500
GUA;Guatemala;2007;0.588;0.568;7093;-0.74;-0.55;-0.75;-0.23;-1.12;-0.17;7.2;60.7;28;3.5;53.6;;-0.03;-0.6;0.857332496;0.544068044;26.21;33.01;21.74;48.06;12.92;41.83;1.4185;1.5186;1.3373;1.6818;1.1112;1.6215;3.7700;-0.1600;-2.9000;1.9800;0.0000;0.4800
GUA;Guatemala;2008;0.594;0.575;7211;-0.65;-0.56;-0.71;-0.18;-1.11;-0.2;7;60.7;31;3.5;53;;0.01;-0.2;0.84509804;0.544068044;30.58;35.44;22.12;50.49;12.50;41.35;1.4854;1.5495;1.3448;1.7032;1.0969;1.6165;4.3700;2.4300;0.3800;2.4300;-0.4187;-0.4800
GUA;Guatemala;2009;0.597;0.581;7081;-0.53;-0.71;-0.93;-0.15;-1.02;-0.25;8.1;60.6;34;4;52.2;;0.09;1.1;0.908485019;0.602059991;35.89;27.27;18.96;48.33;16.11;39.81;1.5550;1.4357;1.2778;1.6842;1.2072;1.6000;5.3100;-8.1700;-3.1600;-2.1600;3.6137;-1.5400
GUA;Guatemala;2010;0.602;0.588;7143;-0.53;-0.7;-0.85;-0.15;-0.96;-0.3;8;60.5;32;4;51.4;;0.06;-0.1;0.903089987;0.602059991;35.71;28.71;20.85;48.33;17.54;36.49;1.5528;1.4580;1.3191;1.6842;1.2439;1.5622;-0.1800;1.4400;1.8900;0.0000;1.4218;-3.3200
GUA;Guatemala;2011;0.607;0.595;7267;-0.53;-0.7;-0.74;-0.13;-1.04;-0.31;7.5;58.8;27.3;3.5;50.7;;-0.08;-0.5;0.875061263;0.544068044;36.49;27.49;23.22;49.29;15.49;36.62;1.5622;1.4392;1.3659;1.6928;1.1901;1.5637;0.7800;-1.2200;2.3700;0.9600;-2.0426;0.1300
GUA;Guatemala;2012;0.613;0.601;7423;-0.66;-0.76;-0.63;-0.17;-1.08;-0.36;7.6;58.8;33;3.5;49.9;;-0.04;0.1;0.880813592;0.544068044;29.38;26.07;25.12;46.92;15.02;35.68;1.4681;1.4161;1.4000;1.6714;1.1768;1.5524;-7.1100;-1.4200;1.9000;-2.3700;-0.4695;-0.9400
GUA;Guatemala;2013;0.616;0.605;7557;-0.62;-0.7;-0.67;-0.2;-1.08;-0.37;7.6;58.1;29;3.5;49.2;;0;0;0.880813592;0.544068044;32.23;28.44;23.7;45.97;13.62;36.15;1.5083;1.4539;1.3747;1.6625;1.1340;1.5581;2.8500;2.3700;-1.4200;-0.9500;-1.4085;0.4700
GUA;Guatemala;2014;0.643;0.644;7735;-0.74;-0.73;-0.66;-0.19;-0.96;-0.34;7.5;58.1;32;3.5;48.8;;0.12;-0.1;0.875061263;0.544068044;27.4;23.56;23.81;47.12;15.38;36.95;1.4378;1.3722;1.3768;1.6732;1.1871;1.5676;-4.8300;-4.8800;0.1100;1.1500;1.7696;0.8000
GUA;Guatemala;2015;0.647;0.648;7932;-0.73;-0.71;-0.66;-0.22;-0.95;-0.35;7.1;59.2;28;4;48.5;;0.01;-0.4;0.851258349;0.602059991;25;24.52;22.86;47.12;16.35;35.96;1.3979;1.3895;1.3591;1.6732;1.2134;1.5558;-2.4000;0.9600;-0.9500;0.0000;0.9615;-0.9900
GUA;Guatemala;2016;0.648;0.649;8029;-0.74;-0.61;-0.54;-0.2;-1.02;-0.29;6.9;59.2;28;4;48.3;;-0.07;-0.2;0.838849091;0.602059991;24.04;30.77;25.24;47.12;14.90;36.95;1.3809;1.4881;1.4021;1.6732;1.1733;1.5676;-0.9600;6.2500;2.3800;0.0000;-1.4423;0.9900
GUA;Guatemala;2017;0.649;0.65;8143;-0.74;-0.64;-0.65;-0.26;-1.06;-0.28;6.9;58.6;28;4;48.3;;-0.04;0;0.838849091;0.602059991;24.04;26.92;23.81;41.83;12.98;37.44;1.3809;1.4301;1.3768;1.6215;1.1133;1.5733;0.0000;-3.8500;-1.4300;-5.2900;-1.9231;0.4900
GUA;Guatemala;2018;0.651;0.652;8274;-0.82;-0.68;-0.53;-0.19;-1.04;-0.34;7;56;27;4;48.3;;0.02;0.1;0.84509804;0.602059991;22.12;23.56;28.57;46.63;15.38;35.47;1.3448;1.3722;1.4559;1.6687;1.1871;1.5499;-1.9200;-3.3600;4.7600;4.8000;2.4038;-1.9700
HND;Honduras;2007;0.595;0.619;4754;-0.79;-0.55;-0.44;-0.29;-0.93;-0.19;10.5;62.15;25;3;55.9;0.502;0.06;1.2;1.021189299;0.477121255;22.33;33.5;29.95;44.17;19.62;40.38;1.3489;1.5250;1.4764;1.6451;1.2926;1.6062;1.3500;2.7700;3.8600;9.3700;3.3493;-1.9300
HND;Honduras;2008;0.591;0.612;4829;-0.9;-0.62;-0.53;-0.31;-0.96;-0.29;10.5;61.8;26;3;54.6;0.502;-0.03;0;1.021189299;0.477121255;18.45;32.52;28.37;45.15;18.27;37.5;1.2660;1.5122;1.4529;1.6547;1.2617;1.5740;-3.8800;-0.9800;-1.5800;0.9800;-1.3480;-2.8800
HND;Honduras;2009;0.593;0.619;4583;-0.9;-0.68;-0.31;-0.3;-0.9;-0.53;11.2;59.7;25;4;54.4;0.502;0.06;0.7;1.049218023;0.602059991;19.62;28.23;33.18;43.54;18.96;30.33;1.2927;1.4507;1.5209;1.6389;1.2778;1.4819;1.1700;-4.2900;4.8100;-1.6100;0.6881;-7.1700
HND;Honduras;2010;0.598;0.625;4611;-0.89;-0.64;-0.5;-0.22;-0.88;-0.5;11.7;57.6;24;4;54.4;0.519;0.02;0.5;1.068185862;0.602059991;19.52;31.58;28.44;45.45;21.80;31.75;1.2905;1.4994;1.4539;1.6575;1.3385;1.5017;-0.1000;3.3500;-4.7400;1.9100;2.8436;1.4200
HND;Honduras;2011;0.601;0.629;4687;-0.83;-0.54;-0.39;-0.13;-0.9;-0.47;10.8;58.4;25.9;4;53.9;0.551;-0.02;-0.9;1.033423755;0.602059991;21.33;37.44;34.12;48.82;18.78;31.92;1.3290;1.5733;1.5330;1.6886;1.2737;1.5041;1.8100;5.8600;5.6800;3.3700;-3.0216;0.1700
HND;Honduras;2012;0.6;0.626;4731;-0.95;-0.7;-0.35;-0.19;-1.14;-0.47;10.9;58.4;28;4;53.7;0.552;-0.24;0.1;1.037426498;0.602059991;17.54;27.49;36.49;45.97;11.74;33.33;1.2440;1.4392;1.5622;1.6625;1.0696;1.5228;-3.7900;-9.9500;2.3700;-2.8500;-7.0423;1.4100
HND;Honduras;2013;0.603;0.631;4763;-0.95;-0.73;-0.44;-0.19;-1.16;-0.47;10.9;58.4;26;4;53;0.515;-0.02;0;1.037426498;0.602059991;18.01;25.59;31.75;46.92;11.74;31.46;1.2555;1.4081;1.5017;1.6714;1.0696;1.4978;0.4700;-1.9000;-4.7400;0.9500;0.0000;-1.8700
HND;Honduras;2014;0.606;0.636;4776;-0.79;-0.81;-0.53;-0.4;-0.94;-0.41;9.6;58.4;29;4;51.7;0.481;0.22;-1.3;0.982271233;0.602059991;23.56;21.15;28.1;37.5;16.35;33.99;1.3722;1.3253;1.4487;1.5740;1.2134;1.5314;5.5500;-4.4400;-3.6500;-9.4200;4.6091;2.5300
HND;Honduras;2015;0.613;0.643;4925;-0.57;-0.82;-0.47;-0.4;-0.93;-0.42;8.7;58.4;31;4;50.5;0.469;0.01;-0.9;0.939519253;0.602059991;32.69;20.19;29.05;38.94;16.83;31.53;1.5144;1.3051;1.4631;1.5904;1.2260;1.4987;9.1300;-0.9600;0.9500;1.4400;0.4808;-2.4600
HND;Honduras;2016;0.618;0.649;5021;-0.66;-0.73;-0.43;-0.51;-1.12;-0.44;8.9;59.2;30;4;50;0.48;-0.19;0.2;0.949390007;0.602059991;29.81;23.08;30.48;30.77;11.06;32.51;1.4744;1.3632;1.4840;1.4881;1.0437;1.5120;-2.8800;2.8900;1.4300;-8.1700;-5.7692;0.9800
HND;Honduras;2017;0.621;0.652;5222;-0.72;-0.51;-0.56;-0.44;-1.05;-0.44;8.5;57.2;29;4;50;0.4805;0.07;-0.4;0.929418926;0.602059991;25.48;34.13;26.67;35.1;14.42;32.51;1.4062;1.5331;1.4260;1.5453;1.1591;1.5120;-4.3300;11.0500;-3.8100;4.3300;3.3654;0.0000
HND;Honduras;2018;0.623;0.653;5241;-0.62;-0.62;-0.52;-0.44;-1.03;-0.51;8;56.3;29;4;50.1;0.481;0.02;-0.5;0.903089987;0.602059991;29.33;27.88;29.05;35.58;16.35;31.53;1.4673;1.4453;1.4631;1.5512;1.2134;1.4987;3.8500;-6.2500;2.3800;0.4800;1.9231;-0.9800
MEX;Mexico;2007;0.738;0.722;18172;-0.27;0.17;-0.73;0.39;-0.49;0.12;8.5;67.25;35;2.5;47.9;0.513;-0.06;0.8;0.929418926;0.397940009;49.03;58.74;23.67;63.59;37.80;52.4;1.6905;1.7689;1.3742;1.8034;1.5775;1.7193;1.7100;0.6900;-2.9000;0.8400;-3.8278;0.4800
MEX;Mexico;2008;0.74;0.725;18159;-0.24;0.19;-0.8;0.34;-0.67;0.13;8.6;67.8;36;2.5;47.3;0.513;-0.18;0.1;0.934498451;0.397940009;50;60.68;19.23;62.62;29.81;51.92;1.6990;1.7830;1.2840;1.7967;1.4743;1.7153;0.9700;1.9400;-4.4400;-0.9700;-7.9914;-0.4800
MEX;Mexico;2009;0.739;0.729;16900;-0.3;0.18;-0.69;0.22;-0.56;0.2;9.4;68.55;33;2.5;46.9;0.5115;0.11;0.8;0.973127854;0.397940009;47.85;60.29;22.27;57.89;35.55;55.45;1.6799;1.7802;1.3477;1.7626;1.5508;1.7439;-2.1500;-0.3900;3.0400;-4.7300;5.7373;3.5300
MEX;Mexico;2010;0.739;0.726;17601;-0.36;0.16;-0.73;0.25;-0.55;0.18;9.6;69.3;31;3;46.8;0.51;0.01;0.2;0.982271233;0.477121255;42.86;60.29;23.22;58.37;35.55;54.98;1.6321;1.7802;1.3659;1.7662;1.5508;1.7402;-4.9900;0.0000;0.9500;0.4800;0.0000;-0.4700
MEX;Mexico;2011;0.746;0.735;17918;-0.4;0.31;-0.67;0.28;-0.55;0.12;9.6;69.3;29.7;3;46.8;0.5045;0;0;0.982271233;0.477121255;41.71;63.51;26.07;58.29;34.27;53.05;1.6202;1.8028;1.4161;1.7656;1.5349;1.7247;-1.1500;3.2200;2.8500;-0.0800;-1.2727;-1.9300
MEX;Mexico;2012;0.752;0.742;18259;-0.41;0.34;-0.66;0.48;-0.53;0.11;9.6;69;34;3;46.9;0.499;0.02;0;0.982271233;0.477121255;42.65;63.51;24.64;67.77;37.09;53.99;1.6299;1.8028;1.3916;1.8310;1.5692;1.7323;0.9400;0.0000;-1.4300;9.4800;2.8169;0.9400
MEX;Mexico;2013;0.75;0.74;18087;-0.51;0.35;-0.71;0.47;-0.54;0.11;10;69.1;34;3;46.9;0.5005;-0.01;0.4;1;0.477121255;37.44;63.03;23.22;67.3;35.68;53.05;1.5733;1.7995;1.3659;1.8280;1.5524;1.7247;-5.2100;-0.4800;-1.4200;-0.4700;-1.4085;-0.9400
MEX;Mexico;2014;0.754;0.744;18468;-0.76;0.2;-0.85;0.43;-0.42;0;10.1;66.8;35;3;46.8;0.502;0.12;0.1;1.004321374;0.477121255;24.52;61.54;17.62;66.83;37.98;48.77;1.3895;1.7892;1.2460;1.8250;1.5796;1.6882;-12.9200;-1.4900;-5.6000;-0.4700;2.3000;-4.2800
MEX;Mexico;2015;0.759;0.75;18817;-0.77;0.21;-0.8;0.36;-0.45;-0.08;10.5;65.5;31;3;46.5;0.503;-0.03;0.4;1.021189299;0.477121255;24.04;61.54;21.43;64.9;38.46;44.33;1.3809;1.7892;1.3310;1.8122;1.5850;1.6467;-0.4800;0.0000;3.8100;-1.9300;0.4808;-4.4400
MEX;Mexico;2016;0.764;0.757;19101;-0.72;0.13;-0.63;0.29;-0.56;-0.07;9.9;64.7;30;3;46.3;0.504;-0.11;-0.6;0.995635195;0.477121255;25.96;58.65;23.81;64.42;31.73;43.84;1.4143;1.7683;1.3768;1.8090;1.5015;1.6419;1.9200;-2.8900;2.3800;-0.4800;-6.7308;-0.4900
MEX;Mexico;2017;0.765;0.757;19300;-0.93;-0.03;-0.72;0.2;-0.57;-0.08;8.8;64.1;29;3;46;0.4895;-0.01;-1.1;0.944482672;0.477121255;16.35;52.4;20.48;61.54;31.73;42.86;1.2135;1.7193;1.3113;1.7892;1.5015;1.6321;-9.6100;-6.2500;-3.3300;-2.8800;0.0000;-0.9800
MEX;Mexico;2018;0.767;0.761;19476;-0.85;-0.15;-0.57;0.16;-0.64;0.01;8.7;61.9;28;3;45.9;0.475;-0.07;-0.1;0.939519253;0.477121255;19.23;47.6;25.71;61.06;28.85;46.31;1.2840;1.6776;1.4101;1.7858;1.4601;1.6657;2.8800;-4.8000;5.2300;-0.4800;-2.8846;3.4500
NIC;Nicaragua;2007;0.602;0.629;34926;-0.77;-0.94;-0.12;-0.45;-0.79;-0.22;9;58.75;26;3;44.3;;-0.04;0.3;0.954242509;0.477121255;23.79;16.5;39.61;34.95;23.92;39.42;1.3764;1.2175;1.5978;1.5434;1.3788;1.5957;-5.4800;-4.4800;2.9000;-2.3000;-2.3923;-0.9600
NIC;Nicaragua;2008;0.607;0.636;34259;-0.76;-0.91;-0.22;-0.41;-0.8;-0.37;9.2;60.7;25;3.5;44.2;;-0.01;0.2;0.963787827;0.544068044;24.76;16.99;37.5;38.35;24.04;34.62;1.3938;1.2302;1.5740;1.5838;1.3809;1.5393;0.9700;0.4900;-2.1100;3.4000;0.1150;-4.8000
NIC;Nicaragua;2009;0.608;0.642;34964;-0.72;-0.96;-0.31;-0.43;-0.79;-0.44;9.8;59;25;4;44.3;;0.01;0.6;0.991226076;0.602059991;25.36;16.75;33.65;37.32;23.70;34.12;1.4041;1.2240;1.5270;1.5719;1.3747;1.5330;0.6000;-0.2400;-3.8500;-1.0300;-0.3418;-0.5000
NIC;Nicaragua;2010;0.614;0.648;34780;-0.75;-0.96;-0.5;-0.28;-0.83;-0.48;9.3;57.3;25;4;44.5;;-0.04;-0.5;0.968482949;0.602059991;24.29;16.75;27.96;42.11;23.70;33.18;1.3854;1.2240;1.4465;1.6244;1.3747;1.5209;-1.0700;0.0000;-5.6900;4.7900;0.0000;-0.9400
NIC;Nicaragua;2011;0.619;0.652;35477;-0.73;-0.9;-0.27;-0.34;-0.72;-0.58;9.1;55.6;25.3;4.5;44.8;;0.11;-0.2;0.959041392;0.653212514;23.7;18.48;38.39;41.71;28.64;29.58;1.3747;1.2667;1.5842;1.6202;1.4570;1.4710;-0.5900;1.7300;10.4300;-0.4000;4.9418;-3.6000
NIC;Nicaragua;2012;0.625;0.657;36227;-0.77;-0.89;-0.35;-0.3;-0.73;-0.54;9.5;55.6;29;4.5;45.3;;-0.01;0.4;0.977723605;0.653212514;25.12;20.85;36.97;42.65;28.64;30.52;1.4000;1.3191;1.5678;1.6299;1.4570;1.4846;1.4200;2.3700;-1.4200;0.9400;0.0000;0.9400
NIC;Nicaragua;2013;0.63;0.662;36937;-0.74;-0.82;-0.25;-0.29;-0.67;-0.46;9.7;54.6;28;3.5;45.6;;0.06;0.2;0.986771734;0.544068044;25.59;23.22;37.91;43.6;31.46;33.8;1.4081;1.3659;1.5788;1.6395;1.4977;1.5289;0.4700;2.3700;0.9400;0.9500;2.8169;3.2800
NIC;Nicaragua;2014;0.64;0.674;37668;-0.89;-0.84;-0.04;-0.39;-0.71;-0.4;10.2;53.2;28;3.5;45.9;;-0.04;0.5;1.008600172;0.544068044;19.71;19.23;43.33;37.98;27.40;34.48;1.2947;1.2840;1.6368;1.5796;1.4378;1.5376;-5.8800;-3.9900;5.4200;-5.6200;-4.0516;0.6800
NIC;Nicaragua;2015;0.644;0.677;38587;-0.89;-0.82;-0.09;-0.39;-0.74;-0.41;10.6;52.6;27;3.5;46.1;;-0.03;0.4;1.025305865;0.544068044;18.75;20.67;43.33;39.42;26.44;32.51;1.2730;1.3153;1.6368;1.5957;1.4223;1.5120;-0.9600;1.4400;0.0000;1.4400;-0.9615;-1.9700
NIC;Nicaragua;2016;0.649;0.683;39202;-0.87;-0.69;-0.09;-0.51;-0.64;-0.68;10.6;48.1;26;4.5;46.2;;0.1;0;1.025305865;0.653212514;18.27;24.52;43.81;32.21;29.81;28.08;1.2617;1.3895;1.6416;1.5080;1.4743;1.4484;-0.4800;3.8500;0.4800;-7.2100;3.3654;-4.4300
NIC;Nicaragua;2017;0.653;0.686;39332;-0.87;-0.63;-0.05;-0.67;-0.64;-0.72;10.7;46.6;26;4.5;46.2;;0;0.1;1.029383778;0.653212514;18.27;28.37;44.29;27.4;29.33;27.09;1.2617;1.4529;1.6463;1.4378;1.4673;1.4328;0.0000;3.8500;0.4800;-4.8100;-0.4808;-0.9900
NIC;Nicaragua;2018;0.651;0.687;40559;-1.09;-0.8;-0.94;-0.71;-1.06;-1.08;11.1;36.3;25;5.5;46.2;;-0.42;0.4;1.045322979;0.740362689;12.5;19.23;14.76;24.52;13.46;18.72;1.0969;1.2840;1.1691;1.3895;1.1291;1.2723;-5.7700;-9.1400;-29.5300;-2.8800;-15.8654;-8.3700
PAN;Panama;2007;0.751;0.758;4746;-0.3;0.14;-0.06;0.37;-0.15;0.62;8.1;73.5;32;1.5;53.3;0.539;-0.02;-0.1;0.908485019;0.176091259;48.06;58.25;41.55;62.62;50.72;66.83;1.6818;1.7653;1.6186;1.7967;1.7052;1.8250;4.6500;1.6600;-1.4500;1.8400;0.4785;0.4800
PAN;Panama;2008;0.755;0.759;4911;-0.09;0.12;-0.1;0.62;-0.17;0.6;8.4;73.5;34;1.5;52.9;0.528;-0.02;0.3;0.924279286;0.176091259;54.85;58.25;40.38;68.93;50.48;66.83;1.7392;1.7653;1.6062;1.8384;1.7031;1.8250;6.7900;0.0000;-1.1700;6.3100;-0.2369;0.0000
PAN;Panama;2009;0.756;0.761;5068;-0.3;0.14;0.06;0.37;-0.09;0.59;9.2;72.5;34;1.5;52.2;0.53;0.08;0.8;0.963787827;0.176091259;48.33;59.33;47.39;62.68;53.55;67.3;1.6842;1.7733;1.6757;1.7971;1.7288;1.8280;-6.5200;1.0800;7.0100;-6.2500;3.0737;0.4700
PAN;Panama;2010;0.758;0.762;5310;-0.32;0.14;-0.12;0.38;-0.07;0.54;9.5;71.5;36;1.5;52;0.529;0.02;0.3;0.977723605;0.176091259;47.14;59.81;41.71;63.16;52.61;64.93;1.6734;1.7768;1.6202;1.8004;1.7210;1.8124;-1.1900;0.4800;-5.6800;0.4800;-0.9479;-2.3700
PAN;Panama;2011;0.764;0.762;5848;-0.32;0.09;-0.03;0.43;0.02;0.53;9.1;70.8;32.7;1.5;51.7;0.528;0.09;-0.4;0.959041392;0.176091259;48.34;57.82;45.97;64.45;55.87;64.79;1.6843;1.7621;1.6625;1.8092;1.7472;1.8115;1.2000;-1.9900;4.2600;1.2900;3.2619;-0.1400
PAN;Panama;2012;0.77;0.767;6102;-0.36;0.29;-0.18;0.38;-0.19;0.47;8.8;70.8;38;1.5;51.4;0.526;-0.21;-0.3;0.944482672;0.176091259;45.02;62.56;39.81;62.56;49.77;62.44;1.6534;1.7963;1.6000;1.7963;1.6969;1.7955;-3.3200;4.7400;-6.1600;-1.8900;-6.1033;-2.3500
PAN;Panama;2013;0.775;0.771;6169;-0.35;0.29;-0.14;0.36;-0.22;0.42;8.5;70.8;35;2;51.2;0.524;-0.03;-0.3;0.929418926;0.301029996;45.5;62.56;41.23;63.03;47.89;61.03;1.6580;1.7963;1.6152;1.7995;1.6802;1.7855;0.4800;0.0000;1.4200;0.4700;-1.8779;-1.4100
PAN;Panama;2014;0.779;0.777;6140;-0.34;0.26;0.21;0.37;-0.06;0.51;8.2;70.8;37;2;51;0.502;0.16;-0.3;0.913813852;0.301029996;46.15;62.98;54.29;65.38;55.29;63.55;1.6642;1.7992;1.7347;1.8154;1.7426;1.8031;0.6500;0.4200;13.0600;2.3500;7.4011;2.5200
PAN;Panama;2015;0.782;0.778;6321;-0.37;0.29;0.39;0.35;-0.11;0.56;8.5;71.9;39;2;50.7;0.499;-0.05;0.3;0.929418926;0.301029996;44.23;65.38;59.05;64.42;53.85;66.01;1.6457;1.8154;1.7712;1.8090;1.7312;1.8196;-1.9200;2.4000;4.7600;-0.9600;-1.4423;2.4600
PAN;Panama;2016;0.789;0.786;6507;-0.49;0.19;0.41;0.36;0.05;0.52;8.5;71.3;38;2;50.5;0.495;0.16;0;0.929418926;0.301029996;35.58;61.06;60;66.35;56.25;64.53;1.5512;1.7858;1.7782;1.8218;1.7501;1.8098;-8.6500;-4.3200;0.9500;1.9300;2.4038;-1.4800
PAN;Panama;2017;0.793;0.79;6545;-0.54;0.02;0.39;0.39;0.04;0.52;8.8;70.8;37;2;50.5;0.505;-0.01;0.3;0.944482672;0.301029996;35.1;54.33;60.95;66.35;54.33;65.02;1.5453;1.7350;1.7850;1.8218;1.7350;1.8130;-0.4800;-6.7300;0.9500;0.0000;-1.9231;0.4900
PAN;Panama;2018;0.795;0.791;6582;-0.55;-0.02;0.27;0.36;-0.09;0.57;8.8;70.5;37;1.5;50.4;0.501;-0.13;0;0.944482672;0.176091259;32.69;51.92;56.19;65.87;51.92;67.98;1.5144;1.7153;1.7497;1.8187;1.7154;1.8324;-2.4100;-2.4100;-4.7600;-0.4800;-2.4038;2.9600
PAR;Paraguay;2007;0.671;0.675;3370;-1.18;-0.87;-0.74;-0.59;-0.97;-0.16;6.1;62.8;24;3;51.5;0.536;0.01;0;0.785329835;0.477121255;8.74;19.42;23.19;29.13;16.27;42.79;0.9415;1.2882;1.3653;1.4643;1.2113;1.6313;-1.0200;1.3700;0.0000;5.6000;-0.9569;5.2900
PAR;Paraguay;2008;0.68;0.684;3351;-0.98;-0.89;-0.72;-0.52;-0.93;-0.12;5.8;64;24;3;51.4;0.516;0.04;-0.3;0.763427994;0.477121255;16.5;17.48;21.15;33.5;19.71;44.71;1.2175;1.2425;1.3253;1.5250;1.2947;1.6504;7.7600;-1.9400;-2.0400;4.3700;3.4436;1.9200
PAR;Paraguay;2009;0.678;0.682;3500;-0.8;-0.92;-0.88;-0.44;-0.88;-0.13;7;64;21;3;51.2;0.503;0.05;1.2;0.84509804;0.477121255;22.97;19.14;19.91;35.89;19.91;43.6;1.3612;1.2819;1.2991;1.5550;1.2990;1.6395;6.4700;1.6600;-1.2400;2.3900;0.1937;-1.1100
PAR;Paraguay;2010;0.692;0.697;3661;-0.73;-0.93;-0.83;-0.36;-0.86;-0.08;6.4;64;22;3;50.2;0.527;0.02;-0.6;0.806179974;0.477121255;25.71;18.66;21.33;40.19;22.75;45.97;1.4101;1.2709;1.3290;1.6041;1.3570;1.6625;2.7400;-0.4800;1.4200;4.3000;2.8436;2.3700
PAR;Paraguay;2011;0.697;0.701;3696;-0.72;-0.84;-0.69;-0.37;-0.84;-0.08;7.3;64;22.2;3;49.6;0.535;0.02;0.9;0.86332286;0.477121255;24.17;20.38;25.12;38.39;23.00;46.01;1.3833;1.3092;1.4000;1.5842;1.3618;1.6629;-1.5400;1.7200;3.7900;-1.8000;0.2559;0.0400
PAR;Paraguay;2012;0.697;0.703;3793;-0.86;-0.89;-0.87;-0.32;-0.85;-0.11;8.6;62.6;25;3;49.9;0.489;-0.01;1.3;0.934498451;0.477121255;20.38;21.33;19.91;41.71;22.54;44.6;1.3092;1.3290;1.2991;1.6202;1.3529;1.6493;-3.7900;0.9500;-5.2100;3.3200;-0.4695;-1.4100
PAR;Paraguay;2013;0.709;0.715;3874;-1.04;-0.87;-0.74;-0.31;-0.81;-0.1;8.2;62.6;24;3;49.2;0.495;0.04;-0.4;0.913813852;0.477121255;14.22;21.33;22.75;42.65;23.47;44.6;1.1529;1.3290;1.3570;1.6299;1.3706;1.6493;-6.1600;0.0000;2.8400;0.9400;0.9390;0.0000
PAR;Paraguay;2014;0.712;0.717;4325;-0.97;-0.92;-0.09;-0.28;-0.67;-0.1;8.4;62.6;24;3;48.4;0.522;0.14;0.2;0.924279286;0.477121255;15.38;17.31;42.38;43.27;28.37;45.32;1.1870;1.2383;1.6272;1.6362;1.4528;1.6563;1.1600;-4.0200;19.6300;0.6200;4.8912;0.7200
PAR;Paraguay;2015;0.718;0.724;4512;-0.95;-0.95;0.04;-0.27;-0.69;-0.07;8.8;63.3;27;3;48.4;0.494;-0.02;0.4;0.944482672;0.477121255;15.87;17.31;48.57;44.71;28.85;44.83;1.2006;1.2383;1.6864;1.6504;1.4601;1.6516;0.4900;0.0000;6.1900;1.4400;0.4808;-0.4900
PAR;Paraguay;2016;0.718;0.723;4414;-0.71;-0.79;0.14;-0.3;-0.73;-0.06;8.5;62.7;30;3;48.4;0.497;-0.04;-0.3;0.929418926;0.477121255;26.92;20.67;50.48;42.31;25.48;44.33;1.4301;1.3153;1.7031;1.6264;1.4062;1.6467;11.0500;3.3600;1.9100;-2.4000;-3.3654;-0.5000
PAR;Paraguay;2017;0.722;0.726;4267;-0.73;-0.82;0;-0.23;-0.65;-0.04;8.6;63.1;29;3;47.8;0.503;0.08;0.1;0.934498451;0.477121255;25;19.71;46.19;44.23;28.85;44.33;1.3979;1.2947;1.6645;1.6457;1.4601;1.6467;-1.9200;-0.9600;-4.2900;1.9200;3.3654;0.0000
PAR;Paraguay;2018;0.724;0.727;4152;-0.84;-0.52;-0.07;-0.08;-0.52;0.06;8.6;62.4;29;3;47.9;0.474;0.13;0;0.934498451;0.477121255;21.15;34.13;44.29;52.4;32.69;49.75;1.3253;1.5331;1.6463;1.7193;1.5144;1.6968;-3.8500;14.4200;-1.9000;8.1700;3.8462;5.4200
PER;Peru;2007;0.705;0.727;8675;-0.25;-0.52;-0.77;0.28;-0.73;0.11;8.9;62.1;35;2.5;49.4;0.518;-0.04;0;0.949390007;0.397940009;50;35.44;20.77;60.19;26.79;51.44;1.6990;1.5495;1.3174;1.7795;1.4280;1.7113;-0.7300;6.6600;-0.9700;3.3300;-1.4354;0.4800
PER;Peru;2008;0.715;0.735;9220;-0.19;-0.36;-0.89;0.35;-0.7;0.15;9.3;63.1;36;2.5;48.4;0.495;0.03;0.4;0.968482949;0.397940009;53.4;44.66;17.31;63.11;25.96;52.4;1.7275;1.6499;1.2383;1.8001;1.4143;1.7193;3.4000;9.2200;-3.4600;2.9200;-0.8327;0.9600
PER;Peru;2009;0.718;0.739;9035;-0.31;-0.42;-1.18;0.39;-0.61;0.08;10.2;63.55;37;2.5;47.2;0.488;0.09;0.9;1.008600172;0.397940009;47.37;41.63;13.74;63.64;32.70;51.18;1.6755;1.6194;1.1380;1.8037;1.5146;1.7091;-6.0300;-3.0300;-3.5700;0.5300;6.7399;-1.2200
PER;Peru;2010;0.721;0.739;9905;-0.23;-0.19;-1;0.45;-0.56;0.11;9.5;64;35;2.5;46.1;0.471;0.05;-0.7;0.977723605;0.397940009;51.9;48.33;16.59;65.07;34.12;52.61;1.7152;1.6842;1.2198;1.8134;1.5331;1.7211;4.5300;6.7000;2.8500;1.4300;1.4218;1.4300
PER;Peru;2011;0.734;0.756;10324;-0.22;-0.16;-0.76;0.46;-0.58;0.13;9;65.9;33.9;2.5;45.3;0.463;-0.02;-0.5;0.954242509;0.397940009;52.13;48.34;21.8;66.82;31.92;53.52;1.7171;1.6843;1.3385;1.8249;1.5041;1.7285;0.2300;0.0100;5.2100;1.7500;-2.1983;0.9100
PER;Peru;2012;0.734;0.751;10044;-0.37;-0.14;-0.91;0.49;-0.57;0.11;9.4;64.7;38;2.5;44.6;0.457;0.01;0.4;0.973127854;0.397940009;43.6;49.29;19.43;68.25;34.74;54.46;1.6395;1.6928;1.2885;1.8341;1.5409;1.7361;-8.5300;0.9500;-2.3700;1.4300;2.8169;0.9400
PER;Peru;2013;0.742;0.757;10777;-0.42;-0.11;-0.81;0.46;-0.57;0.08;10.3;65.4;38;2.5;44.1;0.453;0;0.9;1.012837225;0.397940009;41.23;49.76;20.38;66.35;34.74;52.11;1.6152;1.6969;1.3092;1.8218;1.5409;1.7169;-2.3700;0.4700;0.9500;-1.9000;0.0000;-2.3500
PER;Peru;2014;0.752;0.771;11188;-0.56;-0.27;-0.55;0.52;-0.52;0.19;11.1;65.4;38;2.5;43.9;0.446;0.05;0.8;1.045322979;0.397940009;34.13;44.23;27.14;68.75;34.13;54.68;1.5331;1.6457;1.4336;1.8373;1.5332;1.7378;-7.1000;-5.5300;6.7600;2.4000;-0.6072;2.5700
PER;Peru;2015;0.75;0.766;11371;-0.53;-0.28;-0.4;0.49;-0.49;0.23;11;65.8;36;2.5;43.7;0.449;0.03;-0.1;1.041392685;0.397940009;34.62;44.23;32.38;69.23;37.50;54.68;1.5393;1.6457;1.5103;1.8403;1.5740;1.7378;0.4900;0.0000;5.2400;0.4800;3.3654;0.0000
PER;Peru;2016;0.755;0.772;11668;-0.37;-0.18;-0.2;0.51;-0.48;0.27;10.4;66.5;35;2.5;43.6;0.452;0.01;-0.6;1.017033339;0.397940009;43.27;45.67;38.1;69.71;34.13;55.17;1.6362;1.6596;1.5809;1.8433;1.5332;1.7417;8.6500;1.4400;5.7200;0.4800;-3.3654;0.4900
PER;Peru;2017;0.756;0.774;12205;-0.5;-0.13;-0.26;0.42;-0.5;0.27;11.4;64.9;37;2.5;43.7;0.448;-0.02;1;1.056904851;0.397940009;38.94;48.56;36.19;67.31;33.17;55.17;1.5904;1.6863;1.5586;1.8281;1.5208;1.7417;-4.3300;2.8900;-1.9100;-2.4000;-0.9615;0.0000
PER;Peru;2018;0.759;0.775;12420;-0.53;-0.25;-0.26;0.5;-0.53;0.23;11.1;66;35;2.5;43.8;0.439;-0.03;-0.3;1.045322979;0.397940009;34.62;44.23;37.62;69.23;32.21;55.17;1.5393;1.6457;1.5754;1.8403;1.5080;1.7417;-4.3200;-4.3300;1.4300;1.9200;-0.9615;0.0000
URY;Uruguay;2007;0.763;0.77;44116;1.24;0.53;0.84;0.28;0.6;1.05;11.7;80.2;67;1;45.8;0.468;0.04;-0.2;1.068185862;0;85.92;70.87;77.29;59.71;68.42;81.73;1.9341;1.8505;1.8881;1.7760;1.8352;1.9124;2.0200;4.5300;1.9300;-2.5400;1.9139;0.4800
URY;Uruguay;2008;0.767;0.773;43454;1.31;0.5;0.85;0.26;0.6;1.06;12.2;80.8;69;1;45.5;0.453;0;0.5;1.086359831;0;88.35;67.96;75.96;58.74;69.71;82.69;1.9462;1.8323;1.8806;1.7689;1.8433;1.9175;2.4300;-2.9100;-1.3300;-0.9700;1.2905;0.9600
URY;Uruguay;2009;0.779;0.788;41367;1.24;0.6;0.79;0.38;0.72;1.11;12.7;80.9;67;1;44.8;0.447;0.12;0.5;1.103803721;0;85.65;70.33;73.46;63.16;70.14;85.78;1.9327;1.8471;1.8661;1.8004;1.8460;1.9334;-2.7000;2.3700;-2.5000;4.4200;0.4306;3.0900
URY;Uruguay;2010;0.774;0.774;42183;1.28;0.63;0.82;0.39;0.74;1.15;12.7;81;69;1;43.5;0.438;0.02;0;1.103803721;0;86.19;70.81;74.88;63.64;71.09;87.2;1.9355;1.8501;1.8744;1.8037;1.8518;1.9405;0.5400;0.4800;1.4200;0.4800;0.9479;1.4200
URY;Uruguay;2011;0.783;0.784;42635;1.28;0.55;0.96;0.44;0.7;1.12;13.4;81.7;70.4;1;42.6;0.413;-0.04;0.7;1.127104798;0;86.26;69.67;78.67;64.93;70.42;85.45;1.9358;1.8430;1.8958;1.8124;1.8477;1.9317;0.0700;-1.1400;3.7900;1.2900;-0.6675;-1.7500
URY;Uruguay;2012;0.788;0.793;42362;1.36;0.44;0.71;0.44;0.59;1.06;13.8;81.7;72;1;41.5;0.391;-0.11;0.4;1.139879086;0;88.63;66.82;69.67;65.88;67.61;81.69;1.9476;1.8249;1.8430;1.8188;1.8300;1.9122;2.3700;-2.8500;-9.0000;0.9500;-2.8169;-3.7600
URY;Uruguay;2013;0.797;0.802;42547;1.38;0.45;0.8;0.54;0.56;1.09;14.2;81.7;73;1;40.6;0.397;-0.03;0.4;1.152288344;0;89.57;66.82;71.56;68.72;67.14;83.57;1.9522;1.8249;1.8547;1.8371;1.8270;1.9221;0.9400;0.0000;1.8900;2.8400;-0.4695;1.8800
URY;Uruguay;2014;0.8;0.805;43330;1.38;0.48;0.99;0.53;0.71;1.11;14.3;81.7;73;1;40.1;0.392;0.15;0.1;1.155336037;0;89.9;71.15;83.81;69.23;75.96;83.25;1.9538;1.8522;1.9233;1.8403;1.8806;1.9204;0.3300;4.3300;12.2500;0.5100;8.8254;-0.3200
URY;Uruguay;2015;0.802;0.807;43885;1.32;0.53;1;0.42;0.71;1.14;14.9;81.7;74;1;40.1;0.392;0;0.6;1.173186268;0;89.42;72.6;85.24;67.31;75.00;85.71;1.9514;1.8609;1.9306;1.8281;1.8751;1.9330;-0.4800;1.4500;1.4300;-1.9200;-0.9615;2.4600
URY;Uruguay;2016;0.806;0.812;44335;1.27;0.57;1.06;0.49;0.63;1.16;15.9;81.7;71;1;39.9;0.391;-0.08;1;1.201397124;0;88.46;73.08;90;69.23;73.56;86.7;1.9467;1.8638;1.9542;1.8403;1.8666;1.9380;-0.9600;0.4800;4.7600;1.9200;-1.4423;0.9900
URY;Uruguay;2017;0.807;0.813;45427;1.29;0.43;1.05;0.66;0.59;1.17;16.8;81.2;70;1;39.8;0.39;-0.04;0.9;1.225309282;0;88.46;68.27;87.14;73.56;72.12;86.7;1.9467;1.8342;1.9402;1.8666;1.8580;1.9380;0.0000;-4.8100;-2.8600;4.3300;-1.4423;0.0000
URY;Uruguay;2018;0.808;0.814;45686;1.26;0.56;1.04;0.51;0.59;1.21;17.2;83.8;70;1;39.7;0.391;0;0.4;1.235528447;0;87.5;73.08;87.62;70.19;73.08;89.66;1.9420;1.8638;1.9426;1.8463;1.8638;1.9526;-0.9600;4.8100;0.4800;-3.3700;0.9615;2.9600
VEN;Venezuela (Bolivarian Republic of);2007;0.743;0.724;3912;-1.11;-1.09;-1.23;-1.44;-1.57;-0.75;12.8;53.8;20;4;48;0.391;-0.15;-0.9;1.10720997;0.602059991;11.17;14.56;12.56;5.83;2.39;26.44;1.0481;1.1632;1.0990;0.7657;0.3788;1.4223;-3.9500;0.4100;-0.9700;-5.9300;-2.8708;-3.8500
VEN;Venezuela (Bolivarian Republic of);2008;0.753;0.735;4045;-1.17;-1.14;-1.31;-1.39;-1.62;-0.75;13.1;53.4;19;4;46.9;0.379;-0.05;0.3;1.117271296;0.602059991;9.71;11.65;11.54;5.34;1.92;26.44;0.9872;1.0663;1.0622;0.7275;0.2840;1.4223;-1.4600;-2.9100;-1.0200;-0.4900;-0.4693;0.0000
VEN;Venezuela (Bolivarian Republic of);2009;0.752;0.738;4292;-1.19;-0.99;-1.28;-1.59;-1.62;-0.85;13;52.6;19;4.5;46.9;0.381;0;-0.1;1.113943352;0.653212514;9.09;14.83;12.32;4.31;2.37;24.64;0.9586;1.1711;1.0906;0.6345;0.3747;1.3916;-0.6200;3.1800;0.7800;-1.0300;0.4466;-1.8000
VEN;Venezuela (Bolivarian Republic of);2010;0.753;0.742;4715;-1.23;-1.11;-1.26;-1.62;-1.65;-0.87;11.6;51.8;20;5;46.9;0.364;-0.03;-1.4;1.064457989;0.698970004;7.62;11.96;12.32;3.83;1.42;24.17;0.8820;1.0777;1.0906;0.5832;0.1528;1.3833;-1.4700;-2.8700;0.0000;-0.4800;-0.9479;-0.4700
VEN;Venezuela (Bolivarian Republic of);2011;0.764;0.759;5032;-1.17;-1.19;-1.09;-1.48;-1.68;-0.93;13.4;50.8;18.9;5;46.9;0.368;-0.03;1.8;1.127104798;0.698970004;10.43;9.95;15.64;6.16;1.41;20.66;1.0183;0.9978;1.1942;0.7896;0.1487;1.3151;2.8100;-2.0100;3.3200;2.3300;-0.0134;-3.5100
VEN;Venezuela (Bolivarian Republic of);2012;0.767;0.76;5341;-1.27;-1.15;-1.03;-1.52;-1.69;-0.91;14.4;51.5;19;5;46.9;0.384;-0.01;1;1.158362492;0.698970004;7.58;12.8;17.54;4.74;0.47;22.07;0.8797;1.1072;1.2440;0.6758;-0.3284;1.3438;-2.8500;2.8500;1.9000;-1.4200;-0.9390;1.4100
VEN;Venezuela (Bolivarian Republic of);2013;0.772;0.768;5702;-1.31;-1.17;-1.08;-1.63;-1.82;-0.95;16.1;50.7;20;5;46.9;0.388;-0.13;1.7;1.206825876;0.698970004;5.69;12.32;16.59;2.84;0.47;22.07;0.7551;1.0906;1.2198;0.4533;-0.3284;1.3438;-1.8900;-0.4800;-0.9500;-1.9000;0.0000;0.0000
VEN;Venezuela (Bolivarian Republic of);2014;0.77;0.767;5970;-1.4;-1.23;-0.85;-1.82;-1.92;-1.08;18.8;50.7;19;5;46.9;0.378;-0.1;2.7;1.274157849;0.698970004;4.33;11.06;18.1;2.88;0.48;19.7;0.6365;1.0438;1.2577;0.4594;-0.3181;1.2945;-1.3600;-1.2600;1.5100;0.0400;0.0113;-2.3700
VEN;Venezuela (Bolivarian Republic of);2015;0.763;0.765;6186;-1.39;-1.22;-0.98;-1.88;-2.03;-1.09;18.8;50;17;5;46.9;0.381;-0.11;0;1.274157849;0.698970004;4.33;10.58;15.71;2.4;0.48;19.7;0.6365;1.0245;1.1962;0.3802;-0.3181;1.2945;0.0000;-0.4800;-2.3900;-0.4800;0.0000;0.0000
VEN;Venezuela (Bolivarian Republic of);2016;0.752;0.763;6415;-1.35;-1.29;-1.02;-2;-2.24;-1.14;18.8;46.8;17;5.5;46.9;0.38;-0.21;0;1.274157849;0.740362689;6.73;8.17;13.81;2.4;0.48;17.24;0.8280;0.9122;1.1402;0.3802;-0.3181;1.2365;2.4000;-2.4100;-1.9000;0.0000;0.0000;-2.4600
VEN;Venezuela (Bolivarian Republic of);2017;0.735;0.75;6652;-1.36;-1.4;-1.25;-1.96;-2.26;-1.21;18.8;38.7;18;5.5;46.9;0.381;-0.02;0;1.274157849;0.740362689;7.21;7.69;10.95;2.4;0.48;14.29;0.8579;0.8859;1.0394;0.3802;-0.3181;1.1550;0.4800;-0.4800;-2.8600;0.0000;0.0000;-2.9500
VEN;Venezuela (Bolivarian Republic of);2018;0.726;0.749;6894;-1.47;-1.58;-1.32;-2.36;-2.32;-1.41;18.8;31.6;18;6.5;46.9;0.377;-0.06;0;1.274157849;0.812913357;4.81;4.81;10;1;0.48;10.34;0.6821;0.6821;1.0000;0.0000;-0.3181;1.0145;-2.4000;-2.8800;-0.9500;-1.4000;0.0000;-3.9500
