SUJ,COUNTRY,COD,YEAR,IDHR,IDH,IS,IE,IDP,IPC,ILIB,IDEM,GASTS,Democracyindex(EIU),Electoralpluralismindex(EIU),Governmentindex(EIU),Politicalparticipationindex(EIU),Politicalcultureindex(EIU),Civillibertiesindex(EIU),CONTCORR,EGOB,ESTPOL,CALIREG,RJUE,VOZYREND,IGINI
1,Argentina,ARG,2007-01,0.819162987,0.817,0.843,0.796,0.814,29,2,66.3,9,66.3,87.5,50,55.6,56.3,82.4,-0.3402916,-0.0159589,0.0988585,-0.6682156,-0.5916041,0.4486213,0.437
1,Argentina,ARG,2008-01,0.822705901,0.821,0.845,0.801,0.818,29,2,66.3,9.1,66.3,87.5,50,55.6,56.3,82.4,-0.4355765,-0.1468119,-0.0852222,-0.7375205,-0.6766081,0.3588959,0.413
1,Argentina,ARG,2009-01,0.828782239,0.821,0.848,0.81,0.807,29,2,68.4,11.2,67.35,87.5,53.55,55.6,59.4,80.9,-0.4449961,-0.3182648,-0.2324056,-0.8450356,-0.6754778,0.2800475,0.413
1,Argentina,ARG,2010-01,0.833846509,0.829,0.85,0.818,0.82,29,2,68.4,11.1,68.4,87.5,57.1,55.6,62.5,79.4,-0.3614692,-0.16279,-0.0847979,-0.7623686,-0.590509,0.3616894,0.412
1,Argentina,ARG,2011-01,0.838374618,0.835,0.853,0.824,0.828,30,2,68.4,11.3,68.4,87.5,57.1,55.6,62.5,79.4,-0.3661579,-0.1200561,0.1589937,-0.7222099,-0.5608934,0.3449418,0.406
1,Argentina,ARG,2012-01,0.838337641,0.834,0.855,0.822,0.825,35,2,68.4,12.1,68.4,87.5,57.1,55.6,62.5,79.4,-0.4431399,-0.2385752,0.1030405,-0.9292172,-0.6796814,0.2952099,0.389
1,Argentina,ARG,2013-01,0.839807121,0.835,0.858,0.822,0.827,34,2,68.4,13,68.4,87.5,57.1,55.6,62.5,79.4,-0.432282,-0.2775489,0.0653143,-0.957261,-0.7076761,0.2769879,0.389
1,Argentina,ARG,2014-01,0.842828571,0.836,0.86,0.826,0.822,34,2,70.2,13,68.4,87.5,57.1,55.6,62.5,79.4,-0.5416201,-0.1591353,-0.0051219,-1.074257,-0.8860345,0.3453205,0.391
1,Argentina,ARG,2015-01,0.847358248,0.84,0.863,0.832,0.824,32,2,69.6,14.1,70.2,91.7,50,61.1,68.8,79.4,-0.5470577,-0.0750081,0.0147854,-0.9114419,-0.770812,0.4117875,0.392
1,Argentina,ARG,2016-01,0.849358582,0.839,0.865,0.834,0.819,36,2,69.6,14.2,69.6,91.7,50,61.1,68.8,76.5,-0.2840413,0.1621292,0.2046255,-0.4696253,-0.3936059,0.4933509,0.393
1,Argentina,ARG,2017-01,0.854408567,0.843,0.867,0.842,0.821,39,2,70.2,14.6,69.6,91.7,50,61.1,68.8,76.5,-0.2559502,0.149542,0.1694364,-0.2911722,-0.2456109,0.5279635,0.388
1,Argentina,ARG,2018-01,0.855885506,0.842,0.87,0.842,0.814,40,2,70.2,13.5,70.2,91.7,53.6,61.1,62.5,82.4,-0.0702693,0.0259878,0.0192217,-0.2856962,-0.2428666,0.5616491,0.396
2,Bolivia (Plurinational State of),BOL,2007-01,0.667484831,0.649,0.714,0.624,0.615,29,3,59.8,11.7,60.65,83.3,57.1,47.2,37.5,77.95,-0.4037066,-0.5706812,-0.8503005,-0.9819081,-0.8301125,0.042224,0.586
2,Bolivia (Plurinational State of),BOL,2008-01,0.677637071,0.658,0.722,0.636,0.622,30,3,61.5,11.5,61.5,83.3,57.1,50,37.5,79.4,-0.5232219,-0.6245782,-0.6955554,-0.8709679,-0.9745278,0.0029617,0.513
2,Bolivia (Plurinational State of),BOL,2009-01,0.682986091,0.663,0.73,0.639,0.623,27,3,59.2,13,60.35,81.25,53.55,52.8,37.5,76.45,-0.6303167,-0.6045188,-0.5074582,-0.8793064,-1.10793,0.0069464,0.511
2,Bolivia (Plurinational State of),BOL,2010-01,0.688794599,0.667,0.739,0.642,0.626,28,3,58.4,12.3,59.2,79.2,50,55.6,37.5,73.5,-0.4657613,-0.5023107,-0.4154072,-0.802755,-1.023741,-0.0392689,0.491
2,Bolivia (Plurinational State of),BOL,2011-01,0.692049131,0.671,0.746,0.642,0.63,27.6,3,58.4,11.2,58.4,70,50,61.1,37.5,73.5,-0.5694195,-0.472497,-0.4171265,-0.7557204,-0.9790578,-0.0682378,0.471
2,Bolivia (Plurinational State of),BOL,2012-01,0.696832835,0.675,0.754,0.644,0.633,34,3,57.9,11,58.4,70,50,61.1,37.5,73.5,-0.7292001,-0.3686716,-0.4580681,-0.8235803,-1.016074,-0.0815853,0.474
2,Bolivia (Plurinational State of),BOL,2013-01,0.706552192,0.684,0.761,0.656,0.64,34,3,57.9,10.9,57.9,70,50,55.6,37.5,76.5,-0.5899193,-0.3865935,-0.3285934,-0.7768504,-1.046429,-0.068993,0.48
2,Bolivia (Plurinational State of),BOL,2014-01,0.711955055,0.69,0.768,0.66,0.648,35,3,57.5,11.6,57.9,70,50,55.6,37.5,76.5,-0.6301294,-0.5877074,-0.3331121,-0.8702523,-1.055193,-0.0263198,0.471
2,Bolivia (Plurinational State of),BOL,2015-01,0.717972144,0.697,0.774,0.666,0.657,34,3,56.3,12.5,57.5,70,53.6,50,37.5,76.5,-0.6963719,-0.6519912,-0.2684872,-0.8858231,-1.141064,-0.0046696,0.454
2,Bolivia (Plurinational State of),BOL,2016-01,0.72244723,0.702,0.779,0.67,0.663,33,3,54.9,12.6,56.3,70,53.6,50,37.5,70.6,-0.7243935,-0.5670627,-0.2488664,-0.9240948,-1.200557,-0.036425,0.466
2,Bolivia (Plurinational State of),BOL,2017-01,0.733364848,0.71,0.784,0.686,0.665,33,3,57,12.7,54.9,70,46.4,50,37.5,70.6,-0.6573129,-0.3831694,-0.2780149,-0.8986728,-1.208274,-0.0249492,0.461
2,Bolivia (Plurinational State of),BOL,2018-01,0.737373718,0.714,0.788,0.69,0.67,29,3,48.4,12.7,57,75,46.4,55.6,37.5,70.6,-0.6219789,-0.3220994,-0.2783669,-0.9080035,-1.147712,-0.0396441,0.438
3,Brazil,BRA,2007-01,0.690130422,0.706,0.81,0.588,0.739,35,2,73.8,14.3,73.8,95.8,78.6,44.4,56.3,94.1,-0.0759291,-0.2142833,-0.3569552,-0.0254311,-0.3710029,0.537074,0.543
3,Brazil,BRA,2008-01,0.703931815,0.717,0.815,0.608,0.744,35,2,73.8,14,73.8,95.8,78.6,44.4,56.3,94.1,0.00789,-0.0895778,-0.3125997,0.0539286,-0.315275,0.5689857,0.536
3,Brazil,BRA,2009-01,0.707248188,0.719,0.82,0.61,0.743,37,2,71.2,15.2,72.5,95.8,76.8,47.2,50.05,92.65,-0.0693086,-0.0947754,0.1662922,0.0994606,-0.1565112,0.5220069,0.533
3,Brazil,BRA,2010-01,0.714615281,0.727,0.825,0.619,0.751,37,2,71.2,15,71.2,95.8,75,50,43.8,91.2,0.04628,-0.0353412,0.0134759,0.1524443,0.0440805,0.5713488,0.5295
3,Brazil,BRA,2011-01,0.718512352,0.731,0.83,0.622,0.756,37.7,2,71.2,14.9,71.2,95.8,75,50,43.8,91.2,0.1659021,-0.1165466,-0.1325754,0.1653361,0.0376608,0.5136762,0.526
3,Brazil,BRA,2012-01,0.723707123,0.735,0.834,0.628,0.758,43,2,71.2,15.3,71.2,95.8,75,50,43.8,91.2,-0.0372771,-0.1281734,0.0459616,0.0939019,-0.0694494,0.4779062,0.523
3,Brazil,BRA,2013-01,0.748187142,0.753,0.838,0.668,0.763,42,2,73.8,15.4,71.2,95.8,75,50,43.8,91.2,-0.08471,-0.0928867,-0.2585533,0.0734235,-0.0801801,0.4174263,0.522
3,Brazil,BRA,2014-01,0.753331268,0.756,0.842,0.674,0.761,43,2,69.6,15.9,73.8,95.8,75,44.4,62.5,91.2,-0.3384546,-0.1393555,-0.0702901,-0.0781973,-0.0498579,0.4719279,0.514
3,Brazil,BRA,2015-01,0.756797199,0.756,0.846,0.677,0.755,38,2,69,16.3,69.6,95.8,67.9,55.6,37.5,91.2,-0.3964888,-0.18409,-0.3314581,-0.1926553,-0.1470753,0.4588515,0.511
3,Brazil,BRA,2016-01,0.762495902,0.758,0.85,0.684,0.748,40,2,68.6,17.3,69,95.8,67.9,55.6,37.5,88.2,-0.3814404,-0.1737783,-0.3772054,-0.2073155,-0.1572228,0.4518494,0.532
3,Brazil,BRA,2017-01,0.766627028,0.761,0.853,0.689,0.749,37,2,69.7,17.6,68.6,95.8,53.6,61.1,50,82.4,-0.5320805,-0.2910038,-0.4198374,-0.1144198,-0.2843652,0.4539343,0.533
3,Brazil,BRA,2018-01,0.76842241,0.762,0.857,0.689,0.748,35,2,68.6,17.7,69.7,95.8,53.6,66.7,50,82.4,-0.3999677,-0.4474374,-0.3863459,-0.3239611,-0.2537811,0.3979256,0.54
4,Chile,CHL,2007-01,0.816106611,0.804,0.894,0.745,0.779,70,1,78.9,11.8,78.9,95.8,89.3,50,62.5,97.1,1.396431,1.275488,0.4071552,1.505748,1.28842,1.104882,0.4805
4,Chile,CHL,2008-01,0.82566337,0.814,0.897,0.76,0.79,69,1,78.9,13.5,78.9,95.8,89.3,50,62.5,97.1,1.376727,1.168234,0.4331903,1.518668,1.313308,1.013508,0.47925
4,Chile,CHL,2009-01,0.840466537,0.822,0.901,0.784,0.787,67,1,76.7,15.7,77.8,95.8,87.5,44.45,65.65,95.6,1.380127,1.247791,0.6032314,1.462517,1.296515,1.016847,0.478
4,Chile,CHL,2010-01,0.807891082,0.803,0.904,0.722,0.793,72,1,75.4,14.8,76.7,95.8,85.7,38.9,68.8,94.1,1.497289,1.27253,0.6796045,1.438484,1.33554,1.095609,0.4735
4,Chile,CHL,2011-01,0.82146698,0.815,0.907,0.744,0.802,72.1,1,75.4,14.3,75.4,95.8,85.7,38.9,62.5,94.1,1.528443,1.247598,0.4525534,1.459092,1.365901,1.073909,0.469
4,Chile,CHL,2012-01,0.826686156,0.821,0.91,0.751,0.811,72,1,78,14.6,75.4,95.8,85.7,38.9,62.5,94.1,1.582224,1.264068,0.3311021,1.538509,1.391888,1.076945,0.4675
4,Chile,CHL,2013-01,0.83189783,0.826,0.913,0.758,0.815,71,1,78,14.7,78,95.8,89.3,38.9,68.8,97.1,1.541565,1.264524,0.3637425,1.491449,1.367829,1.106285,0.466
4,Chile,CHL,2014-01,0.846430741,0.837,0.915,0.783,0.818,73,1,78.4,15,78,95.8,89.3,38.9,68.8,97.1,1.488503,1.161332,0.4475169,1.494421,1.43314,1.055915,0.4595
4,Chile,CHL,2015-01,0.852137313,0.842,0.918,0.791,0.821,70,1,77.8,15.8,78.4,95.8,85.7,44.4,68.8,97.1,1.27997,1.086102,0.4334392,1.345232,1.344083,1.004488,0.453
4,Chile,CHL,2016-01,0.857368066,0.845,0.92,0.799,0.821,66,1,78.4,16.1,77.8,95.8,85.7,44.4,68.8,94.1,1.140054,1.010753,0.4131105,1.373064,1.129269,0.9956857,0.4535
4,Chile,CHL,2017-01,0.860980836,0.847,0.922,0.804,0.819,67,1,79.7,16.4,78.4,95.8,85.7,44.4,75,91.2,1.039302,0.8435157,0.4170224,1.335125,1.011737,0.9994025,0.454
4,Chile,CHL,2018-01,0.862449999,0.849,0.924,0.805,0.823,67,1,80.8,16.4,79.7,95.8,85.7,44.4,81.3,91.2,1.046754,1.084034,0.4351017,1.33739,1.089803,1.056807,0.454
5,Colombia,COL,2007-01,0.711957864,0.711,0.842,0.602,0.709,38,3,64,11.4,64.7,91.7,48.6,50,43.8,89.7,-0.2159635,-0.0468053,-1.80328,0.2413717,-0.4358616,-0.1653216,0.561
5,Colombia,COL,2008-01,0.720724635,0.718,0.846,0.614,0.712,38,3.5,65.4,11.3,65.4,91.7,53.6,50,43.8,88.2,-0.2376168,-0.0287408,-1.850909,0.2619745,-0.3967666,-0.1659226,0.572
5,Colombia,COL,2009-01,0.723763083,0.72,0.849,0.617,0.712,37,3.5,65.5,13.3,65.45,91.7,62.5,44.45,40.65,88.2,-0.309453,-0.2459242,-1.831908,0.1482843,-0.3884734,-0.1496109,0.557
5,Colombia,COL,2010-01,0.735392412,0.729,0.853,0.634,0.716,35,3.5,66.3,12.2,65.5,91.7,71.4,38.9,37.5,88.2,-0.385391,-0.0592384,-1.537185,0.2534749,-0.3085898,-0.1323792,0.56
5,Colombia,COL,2011-01,0.739004736,0.734,0.856,0.638,0.724,34.5,3.5,66.3,12.3,66.3,91.7,75,38.9,37.5,88.2,-0.2887937,0.0388793,-1.284656,0.3592378,-0.2558286,-0.0597142,0.549
5,Colombia,COL,2012-01,0.744204273,0.739,0.86,0.644,0.729,36,3.5,65.5,12.4,66.3,91.7,75,38.9,37.5,88.2,-0.3874514,0.022952,-1.40181,0.4006766,-0.353872,-0.0639913,0.539
5,Colombia,COL,2013-01,0.745501174,0.742,0.863,0.644,0.736,36,3.5,65.5,12.8,65.5,91.7,71.4,38.9,37.5,88.2,-0.405205,0.0713581,-1.291972,0.4028929,-0.4058876,-0.0812788,0.54
5,Colombia,COL,2014-01,0.758741063,0.753,0.867,0.664,0.742,37,3.5,66.2,12.9,65.5,91.7,71.4,38.9,37.5,88.2,-0.3686264,-0.1005563,-1.114594,0.4962346,-0.2919019,-0.0433162,0.54
5,Colombia,COL,2015-01,0.76005263,0.756,0.87,0.664,0.747,37,3.5,66.7,13,66.2,91.7,71.4,38.9,43.8,85.3,-0.2981746,-0.0361266,-1.069147,0.4654272,-0.2684166,0.0039271,0.524
5,Colombia,COL,2016-01,0.766504403,0.76,0.873,0.673,0.748,37,3,66.7,12.5,66.7,91.7,71.4,44.4,43.8,82.4,-0.3242517,0.0154443,-0.8824593,0.4020093,-0.2787975,0.1218224,0.521
5,Colombia,COL,2017-01,0.770667243,0.763,0.876,0.678,0.747,37,3,69.6,13.4,66.7,91.7,67.9,44.4,50,79.4,-0.3700264,-0.0738818,-0.7726035,0.3409346,-0.3600142,0.1120687,0.511
5,Colombia,COL,2018-01,0.771985751,0.764,0.879,0.678,0.747,36,3,71.3,12.6,69.6,91.7,67.9,50,56.3,82.4,-0.2874098,-0.0852262,-0.7874593,0.3173888,-0.4063349,0.1903,0.52
6,Costa Rica,CRI,2007-01,0.75096205,0.753,0.898,0.628,0.755,50,1,80.4,8,80.4,95.8,82.1,61.1,68.8,94.1,0.5165263,0.2012671,0.5834517,0.4184185,0.3818599,0.9353473,0.498
6,Costa Rica,CRI,2008-01,0.760131568,0.761,0.9,0.642,0.761,51,1,80.4,8.9,80.4,95.8,82.1,61.1,68.8,94.1,0.5518208,0.2776813,0.3603145,0.4572019,0.460335,0.9667597,0.491
6,Costa Rica,CRI,2009-01,0.765702292,0.762,0.902,0.65,0.756,53,1,80.4,10.1,80.4,95.8,82.1,61.1,68.8,94.1,0.7520683,0.3313352,0.5871099,0.42198,0.5635187,1.005792,0.512
6,Costa Rica,CRI,2010-01,0.766550716,0.765,0.904,0.65,0.761,53,1,81,11.9,80.4,95.8,82.1,61.1,68.8,94.1,0.7081604,0.3081369,0.6915372,0.4651055,0.5236668,1.03989,0.492
6,Costa Rica,CRI,2011-01,0.784330288,0.778,0.906,0.679,0.765,48,1,81,11.5,81,95.8,82.1,61.1,68.8,97.1,0.6489542,0.338154,0.508276,0.4497046,0.4513585,1.053863,0.5
6,Costa Rica,CRI,2012-01,0.789667018,0.783,0.909,0.686,0.771,54,1,80.3,12,81,95.8,82.1,61.1,68.8,97.1,0.6182616,0.5001248,0.6384025,0.5717511,0.5196874,1.08822,0.502
6,Costa Rica,CRI,2013-01,0.795131436,0.788,0.911,0.694,0.772,53,1,80.3,12.1,80.3,95.8,78.6,61.1,68.8,97.1,0.6259013,0.4823061,0.677918,0.5832982,0.55167,1.078483,0.508
6,Costa Rica,CRI,2014-01,0.806701928,0.796,0.914,0.712,0.775,54,1,79.6,12.1,80.3,95.8,78.6,61.1,68.8,97.1,0.7554398,0.3965975,0.5774182,0.5148572,0.5605012,1.138346,0.498
6,Costa Rica,CRI,2015-01,0.806449006,0.797,0.916,0.71,0.778,55,1,78.8,12.4,79.6,95.8,75,61.1,68.8,97.1,0.7484275,0.3756126,0.6820255,0.5257646,0.5047452,1.151579,0.496
6,Costa Rica,CRI,2016-01,0.81004074,0.801,0.919,0.714,0.783,58,1,78.8,12.3,78.8,95.8,71.4,61.1,68.8,97.1,0.7442378,0.355468,0.6614283,0.4074337,0.4660427,1.117966,0.5
6,Costa Rica,CRI,2017-01,0.813064573,0.804,0.922,0.717,0.786,59,1,80.7,12.5,78.8,95.8,71.4,66.7,68.8,91.2,0.4666447,0.2485956,0.6086774,0.4479403,0.4548208,1.120646,0.496
6,Costa Rica,CRI,2018-01,0.818352003,0.808,0.925,0.724,0.788,56,1,81.3,12.1,80.7,95.8,75,66.7,75,91.2,0.5514317,0.3781868,0.4771462,0.4888904,0.4804583,1.141728,0.493
7,Dominican Republic,DOM,2007-01,0.685167863,0.694,0.789,0.595,0.712,30,2,61.3,6.6,61.65,91.7,44.65,33.3,56.3,82.4,-0.747674,-0.6747107,-0.07755,-0.2375534,-0.6136354,0.1970037,0.495
7,Dominican Republic,DOM,2008-01,0.688631977,0.698,0.793,0.598,0.718,30,2,62,7.3,62,91.7,46.4,33.3,56.3,82.4,-0.7259653,-0.6196099,-0.0370049,-0.192823,-0.6602893,0.1647324,0.489
7,Dominican Republic,DOM,2009-01,0.692096092,0.7,0.797,0.601,0.717,30,2,62,6.7,62,89.6,48.2,30.55,59.4,82.4,-0.7780666,-0.6126065,-0.0014113,-0.1925166,-0.7726221,0.0897983,0.496
7,Dominican Republic,DOM,2010-01,0.696710844,0.706,0.801,0.606,0.727,30,2,62,6.3,62,87.5,50,27.8,62.5,82.4,-0.8436301,-0.6435439,-0.044954,-0.1522817,-0.8083335,0.0738616,0.48
7,Dominican Republic,DOM,2011-01,0.700888008,0.71,0.804,0.611,0.73,25.9,2,64.9,6.2,62,87.5,50,27.8,62.5,82.4,-0.8120974,-0.5907013,-0.0004819,-0.1954342,-0.7734064,0.0904333,0.484
7,Dominican Republic,DOM,2012-01,0.705498405,0.714,0.808,0.616,0.732,32,2,67.4,7.3,64.9,87.5,53.6,44.4,62.5,76.5,-0.8599598,-0.5102426,0.2523668,-0.1042744,-0.6877707,0.1245922,0.469
7,Dominican Republic,DOM,2013-01,0.708962622,0.718,0.812,0.619,0.736,29,2.5,66.7,8.1,67.4,87.5,60.7,50,62.5,76.5,-0.8745857,-0.4675454,0.2074287,-0.0710712,-0.5323906,0.1153695,0.484
7,Dominican Republic,DOM,2014-01,0.722782817,0.73,0.815,0.641,0.744,32,2.5,66.7,7.7,66.7,87.5,57.1,50,62.5,76.5,-0.8161026,-0.4352699,0.1459345,-0.0368152,-0.4056694,0.1889606,0.449
7,Dominican Republic,DOM,2015-01,0.730744826,0.738,0.819,0.652,0.754,33,3,66.7,8.1,66.7,87.5,57.1,50,62.5,76.5,-0.8184461,-0.3573123,0.2367064,-0.037778,-0.5126879,0.1542684,0.457
7,Dominican Republic,DOM,2016-01,0.73421046,0.743,0.823,0.655,0.761,31,3,66.6,8,66.7,87.5,57.1,50,62.5,76.5,-0.7563761,-0.2637113,0.252106,-0.065245,-0.3951495,0.1819112,0.435
7,Dominican Republic,DOM,2017-01,0.736669532,0.746,0.826,0.657,0.766,29,3,65.4,8.5,66.6,91.7,53.6,61.1,56.3,70.6,-0.7389232,-0.3700335,0.1605222,-0.0788678,-0.4179761,0.1587948,0.433
7,Dominican Republic,DOM,2018-01,0.739689124,0.751,0.829,0.66,0.775,30,3,65.4,8,65.4,91.7,53.6,61.1,50,70.6,-0.7564989,-0.4002573,0.0322322,-0.0654638,-0.3792109,0.1407232,0.441
8,Ecuador,ECU,2007-01,0.722397398,0.71,0.839,0.622,0.687,21,3,56.4,5.4,56.4,78.3,42.9,50,31.3,79.4,-0.7718189,-0.8693714,-0.8144428,-1.141479,-1.035035,-0.1611159,0.534
8,Ecuador,ECU,2008-01,0.727748583,0.717,0.842,0.629,0.696,20,3,56.4,6.5,56.4,78.3,42.9,50,31.3,79.4,-0.6871038,-0.8649213,-0.7289105,-1.138787,-1.167481,-0.2223047,0.496
8,Ecuador,ECU,2009-01,0.731358325,0.719,0.845,0.633,0.695,22,3,57.7,8.1,57.05,78.3,44.65,50,34.4,77.95,-0.8042204,-0.7942843,-0.6731879,-1.296207,-1.251499,-0.2503612,0.485
8,Ecuador,ECU,2010-01,0.740140527,0.726,0.848,0.646,0.698,25,3,57.2,8.1,57.7,78.3,46.4,50,37.5,76.5,-0.773099,-0.7165983,-0.5866745,-1.17082,-1.204076,-0.2310853,0.49
8,Ecuador,ECU,2011-01,0.744312434,0.732,0.851,0.651,0.707,26.5,3,57.8,8.1,57.2,78.3,46.4,50,37.5,73.5,-0.7084506,-0.5814193,-0.6865575,-1.031473,-1.205298,-0.2933648,0.458
8,Ecuador,ECU,2012-01,0.770408982,0.751,0.854,0.695,0.714,32,3,58.7,8.2,57.8,78.3,46.4,50,43.8,70.6,-0.5780621,-0.5048822,-0.5703065,-1.017313,-1.134688,-0.2961141,0.468
8,Ecuador,ECU,2013-01,0.772870623,0.754,0.857,0.697,0.719,35,3,58.7,9.2,58.7,82.5,46.4,50,43.8,70.6,-0.5709541,-0.501632,-0.1786567,-0.9281889,-0.9682715,-0.2527218,0.47
8,Ecuador,ECU,2014-01,0.7731106,0.756,0.86,0.695,0.722,33,3,58.7,8.5,58.7,82.5,46.4,50,43.8,70.6,-0.7549306,-0.4729435,-0.0185332,-1.00722,-1.058418,-0.2024652,0.449
8,Ecuador,ECU,2015-01,0.7870756,0.764,0.864,0.717,0.719,32,3,58.1,8.4,58.7,82.5,46.4,50,43.8,70.6,-0.6712533,-0.4423296,-0.1439559,-1.157369,-1.028903,-0.2117548,0.462
8,Ecuador,ECU,2016-01,0.78126052,0.758,0.867,0.704,0.715,31,3.5,60.2,8.8,58.1,82.5,46.4,50,43.8,67.6,-0.6803263,-0.430313,-0.085358,-1.018454,-0.7612534,-0.247168,0.45
8,Ecuador,ECU,2017-01,0.784727341,0.76,0.871,0.707,0.715,32,3,62.7,9.2,60.2,87.5,46.4,55.6,43.8,67.6,-0.5996267,-0.3218437,-0.0748771,-1.002314,-0.7014174,-0.1723405,0.444
8,Ecuador,ECU,2018-01,0.787188669,0.762,0.874,0.709,0.714,34,3,63.3,9,62.7,87.5,53.6,61.1,43.8,67.6,-0.5656243,-0.2613976,-0.0808058,-0.8689445,-0.6388752,0.0243482,0.454
9,El Salvador,SLV,2007-01,0.657107297,0.652,0.778,0.555,0.643,40,2.5,62.2,8.3,63.1,91.7,55.7,38.9,46.9,82.4,-0.3719791,-0.2015099,-0.0063193,0.1926179,-0.6450427,0.0945089,0.47
9,El Salvador,SLV,2008-01,0.659558185,0.655,0.781,0.557,0.647,39,2.5,64,8.3,64,91.7,57.1,38.9,50,82.4,-0.3617319,-0.1620378,0.0405789,0.207267,-0.6676517,0.1120839,0.474
9,El Salvador,SLV,2009-01,0.662600936,0.656,0.784,0.56,0.641,34,2.5,64.7,9.2,64.35,91.7,58.9,38.9,50,82.4,-0.2503784,-0.0448861,-0.0061894,0.3200334,-0.7476089,0.0576465,0.478
9,El Salvador,SLV,2010-01,0.679535135,0.668,0.788,0.586,0.644,36,2.5,64.7,9.3,64.7,91.7,60.7,38.9,50,82.4,-0.2769412,0.007418,0.0588422,0.3630272,-0.8126204,0.0715443,0.454
9,El Salvador,SLV,2011-01,0.671892849,0.664,0.792,0.57,0.649,34.2,2.5,64.7,9.6,64.7,91.7,60.7,38.9,50,82.4,-0.2619075,-0.1028972,0.1110012,0.47141,-0.7222229,0.0439498,0.446
9,El Salvador,SLV,2012-01,0.677285021,0.669,0.795,0.577,0.651,38,2.5,65.3,9.7,64.7,91.7,60.7,38.9,50,82.4,-0.412717,-0.1271779,0.234584,0.3254577,-0.6986933,-0.0401937,0.438
9,El Salvador,SLV,2013-01,0.678398113,0.67,0.799,0.576,0.653,38,2.5,65.3,10.3,65.3,91.7,60.7,38.9,50,85.3,-0.3539,-0.1152254,-0.0336589,0.3131208,-0.6190593,-0.0130921,0.453
9,El Salvador,SLV,2014-01,0.675354722,0.668,0.803,0.568,0.655,39,2.5,66.4,9.9,65.3,91.7,60.7,38.9,50,85.3,-0.3768737,-0.0327334,-0.02459,0.3188713,-0.4763274,0.1526031,0.434
9,El Salvador,SLV,2015-01,0.673031946,0.668,0.806,0.562,0.657,39,2.5,66.4,10,66.4,91.7,60.7,44.4,50,85.3,-0.4236757,-0.2355875,-0.0169974,0.1963225,-0.5850651,0.1523897,0.426
9,El Salvador,SLV,2016-01,0.677096743,0.671,0.81,0.566,0.66,36,2.5,64.3,9.9,66.4,91.7,60.7,44.4,50,85.3,-0.5230461,-0.2850141,-0.0992914,0.0939717,-0.7095168,0.18895,0.42
9,El Salvador,SLV,2017-01,0.675948223,0.671,0.813,0.562,0.662,33,2.5,59.6,10,64.3,91.7,53.6,55.6,50,70.6,-0.5067153,-0.3649472,-0.2600329,-0.1524985,-0.8559342,0.1540107,0.399
9,El Salvador,SLV,2018-01,0.672161439,0.67,0.817,0.553,0.665,35,2.5,61.5,9,59.6,91.7,42.9,55.6,37.5,70.6,-0.6006837,-0.4471425,-0.3787947,0.035562,-0.8280311,0.0428426,0.405
10,Guatemala,GTM,2007-01,0.568168989,0.592,0.776,0.416,0.644,28,3.5,60.7,7.2,60.7,87.5,67.9,27.8,43.8,76.5,-0.7421762,-0.5503302,-0.7522722,-0.2287212,-1.11538,-0.1712756,
10,Guatemala,GTM,2008-01,0.574772129,0.597,0.781,0.423,0.646,31,3.5,60.7,7,60.7,87.5,67.9,27.8,43.8,76.5,-0.6476532,-0.5634344,-0.7144668,-0.1782018,-1.109739,-0.2018256,
10,Guatemala,GTM,2009-01,0.581360473,0.601,0.786,0.43,0.643,34,4,60.5,8.1,60.6,87.5,66.1,30.55,43.8,75,-0.5268559,-0.714392,-0.9273503,-0.1505856,-1.018172,-0.2500028,
10,Guatemala,GTM,2010-01,0.588306043,0.606,0.792,0.437,0.645,32,4,58.8,8,60.5,87.5,64.3,33.3,43.8,73.5,-0.5322092,-0.697995,-0.8529245,-0.152868,-0.9600777,-0.3033077,
10,Guatemala,GTM,2011-01,0.594570433,0.612,0.798,0.443,0.647,27.3,3.5,58.8,7.5,58.8,79.2,64.3,33.3,43.8,73.5,-0.527978,-0.69787,-0.7441414,-0.1333846,-1.036425,-0.3119646,
10,Guatemala,GTM,2012-01,0.60149813,0.618,0.804,0.45,0.651,33,3.5,58.1,7.6,58.8,79.2,64.3,33.3,43.8,73.5,-0.6587613,-0.7554433,-0.6338202,-0.1723127,-1.076314,-0.3561386,
10,Guatemala,GTM,2013-01,0.605373438,0.621,0.809,0.453,0.653,29,3.5,58.1,7.6,58.1,79.2,60.7,33.3,43.8,73.5,-0.6226556,-0.7031401,-0.6741562,-0.2037375,-1.083479,-0.3665427,
10,Guatemala,GTM,2014-01,0.644313588,0.648,0.814,0.51,0.657,32,3.5,59.2,7.5,58.1,79.2,60.7,33.3,43.8,73.5,-0.7359639,-0.7288904,-0.6555635,-0.1920252,-0.962234,-0.3375991,
10,Guatemala,GTM,2015-01,0.647555403,0.652,0.819,0.512,0.661,28,4,59.2,7.1,59.2,79.2,60.7,38.9,43.8,73.5,-0.7331991,-0.7110427,-0.6550602,-0.2162642,-0.9472803,-0.3464035,
10,Guatemala,GTM,2016-01,0.648894444,0.653,0.824,0.511,0.662,28,4,58.6,6.9,59.2,79.2,60.7,38.9,43.8,73.5,-0.7398213,-0.6063933,-0.5425926,-0.2024315,-1.019842,-0.2903427,
10,Guatemala,GTM,2017-01,0.650467524,0.655,0.828,0.511,0.665,28,4,56,6.9,58.6,79.2,57.1,38.9,50,67.6,-0.7398767,-0.6404786,-0.650593,-0.255445,-1.059996,-0.279726,
10,Guatemala,GTM,2018-01,0.652036809,0.657,0.832,0.511,0.667,27,4,52.6,7,56,79.2,53.6,38.9,43.8,64.7,-0.8205505,-0.6820061,-0.5292468,-0.1901745,-1.037602,-0.3395694,
11,Honduras,HND,2007-01,0.618863474,0.607,0.808,0.474,0.583,25,3,62.5,10.5,62.15,83.3,62.5,44.4,50,70.6,-0.7884458,-0.5486689,-0.4366662,-0.2864851,-0.9304911,-0.1927967,0.502
11,Honduras,HND,2008-01,0.611826773,0.603,0.812,0.461,0.586,26,3,61.8,10.5,61.8,83.3,60.7,44.4,50,70.6,-0.9048845,-0.6170768,-0.529581,-0.3067068,-0.9648281,-0.2946571,0.502
11,Honduras,HND,2009-01,0.618630746,0.605,0.816,0.469,0.578,25,4,57.6,11.2,59.7,79.15,58.9,44.4,46.9,69.1,-0.9043521,-0.6754177,-0.30812,-0.2998717,-0.8969461,-0.5329577,0.502
11,Honduras,HND,2010-01,0.625411864,0.61,0.82,0.477,0.579,24,4,58.4,11.7,57.6,75,57.1,44.4,43.8,67.6,-0.8920198,-0.6416873,-0.4969096,-0.2230574,-0.8780162,-0.503611,0.519
11,Honduras,HND,2011-01,0.628903808,0.613,0.824,0.48,0.581,25.9,4,58.4,10.8,58.4,87.5,57.1,38.9,43.8,64.7,-0.8251965,-0.5353841,-0.3904354,-0.1339601,-0.9038631,-0.4686563,0.551
11,Honduras,HND,2012-01,0.626475857,0.612,0.828,0.474,0.583,28,4,58.4,10.9,58.4,87.5,57.1,38.9,43.8,64.7,-0.9540582,-0.69826,-0.3501156,-0.192711,-1.140215,-0.4697777,0.552
11,Honduras,HND,2013-01,0.627987261,0.613,0.832,0.474,0.584,26,4,58.4,10.9,58.4,87.5,57.1,38.9,43.8,64.7,-0.9454944,-0.7286451,-0.4386116,-0.186378,-1.164663,-0.4749359,0.515
11,Honduras,HND,2014-01,0.632427861,0.616,0.835,0.479,0.584,29,4,58.4,9.6,58.4,87.5,57.1,38.9,43.8,64.7,-0.7854443,-0.8099896,-0.534084,-0.398392,-0.9445819,-0.4091908,0.481
11,Honduras,HND,2015-01,0.633562941,0.618,0.838,0.479,0.589,31,4,59.2,8.7,58.4,87.5,57.1,38.9,43.8,64.7,-0.5667076,-0.821569,-0.4689144,-0.3959342,-0.9256243,-0.4217526,0.469
11,Honduras,HND,2016-01,0.643633436,0.626,0.842,0.492,0.592,30,4,57.2,8.9,59.2,91.7,57.1,38.9,43.8,64.7,-0.6577745,-0.7263504,-0.4333121,-0.513028,-1.118705,-0.4381704,0.48
11,Honduras,HND,2017-01,0.647394779,0.63,0.845,0.496,0.597,29,4,56.3,8.5,57.2,82.5,53.6,44.4,43.8,61.8,-0.7177079,-0.508081,-0.5648519,-0.4362634,-1.046272,-0.4401851,0.4805
11,Honduras,HND,2018-01,0.650501345,0.633,0.848,0.499,0.598,29,4,54.2,8,56.3,85,46.4,44.4,43.8,61.8,-0.6184291,-0.6206585,-0.5217014,-0.4447892,-1.030544,-0.508884,0.481
13,Mexico,MEX,2007-01,0.726532862,0.746,0.85,0.621,0.786,35,2.5,66.7,8.5,67.25,83.35,66.05,50,50,86.75,-0.2726447,0.1687744,-0.7284455,0.3878794,-0.4940353,0.121899,0.513
13,Mexico,MEX,2008-01,0.729604687,0.748,0.849,0.627,0.786,36,2.5,67.8,8.6,67.8,79.2,71.4,50,50,88.2,-0.2446972,0.1873924,-0.8037661,0.3382414,-0.6678741,0.1349276,0.513
13,Mexico,MEX,2009-01,0.734966666,0.748,0.848,0.637,0.775,33,2.5,69.3,9.4,68.55,83.35,71.4,55.55,50,82.35,-0.3010224,0.1752324,-0.6854959,0.2248415,-0.559861,0.2000446,0.5115
13,Mexico,MEX,2010-01,0.732801474,0.748,0.847,0.634,0.781,31,3,69.3,9.6,69.3,87.5,71.4,61.1,50,76.5,-0.3615492,0.1624299,-0.7264634,0.2527093,-0.5508309,0.1785069,0.51
13,Mexico,MEX,2011-01,0.740981781,0.755,0.846,0.649,0.784,29.7,3,69,9.6,69.3,87.5,71.4,61.1,50,76.5,-0.4021198,0.3078777,-0.6677686,0.2799248,-0.5492158,0.1216919,0.5045
13,Mexico,MEX,2012-01,0.74610187,0.759,0.846,0.658,0.787,34,3,69.1,9.6,69,83.3,71.4,66.7,50,73.5,-0.4118239,0.3426165,-0.6624542,0.4771238,-0.534087,0.1127453,0.499
13,Mexico,MEX,2013-01,0.742253326,0.756,0.845,0.652,0.785,34,3,66.8,10,69.1,87.5,67.9,66.7,50,73.5,-0.5120105,0.345396,-0.7142238,0.4689431,-0.5444897,0.1083923,0.5005
13,Mexico,MEX,2014-01,0.747358682,0.761,0.845,0.661,0.788,35,3,65.5,10.1,66.8,83.3,60.7,66.7,50,73.5,-0.7617088,0.1962345,-0.8539188,0.4259591,-0.4228251,0.0003161,0.502
13,Mexico,MEX,2015-01,0.753551591,0.766,0.845,0.672,0.791,31,3,64.7,10.5,65.5,83.3,60.7,72.2,43.8,67.6,-0.7659356,0.2095713,-0.7986991,0.3577256,-0.447092,-0.075359,0.503
13,Mexico,MEX,2016-01,0.756349787,0.768,0.845,0.677,0.793,30,3,64.1,9.9,64.7,79.2,60.7,72.2,43.8,67.6,-0.7196069,0.1319136,-0.6290694,0.2871219,-0.5562108,-0.0675288,0.504
13,Mexico,MEX,2017-01,0.758580912,0.771,0.845,0.681,0.795,29,3,61.9,8.8,64.1,78.3,64.3,72.2,43.8,61.8,-0.9279991,-0.0299037,-0.715323,0.1962538,-0.5666723,-0.0764493,0.4895
13,Mexico,MEX,2018-01,0.766240171,0.776,0.846,0.694,0.796,28,3,60.9,8.7,61.9,83.3,60.7,72.2,31.3,61.8,-0.8544276,-0.153388,-0.5734344,0.1584301,-0.6378888,0.0069657,0.475
14,Nicaragua,NIC,2007-01,0.629213795,0.611,0.795,0.498,0.575,26,3,56.8,9,58.75,87.1,50.35,36.1,43.75,76.45,-0.7651211,-0.9372625,-0.1194835,-0.4456767,-0.788395,-0.2171719,
14,Nicaragua,NIC,2008-01,0.635841175,0.616,0.799,0.506,0.578,25,3.5,60.7,9.2,60.7,91.7,43.6,38.9,50,79.4,-0.7624058,-0.9061906,-0.2218991,-0.4101914,-0.8049277,-0.367741,
14,Nicaragua,NIC,2009-01,0.641824742,0.617,0.803,0.513,0.57,25,4,57.3,9.8,59,82.95,43.6,38.9,53.15,76.45,-0.7249714,-0.9621149,-0.3056052,-0.43041,-0.7876278,-0.4393083,
14,Nicaragua,NIC,2010-01,0.647796264,0.622,0.807,0.52,0.575,25,4,55.6,9.3,57.3,74.2,43.6,38.9,56.3,73.5,-0.7528315,-0.9621997,-0.4997092,-0.282892,-0.8286513,-0.4776356,
14,Nicaragua,NIC,2011-01,0.651892629,0.628,0.811,0.524,0.582,25.3,4.5,55.6,9.1,55.6,65.8,43.6,38.9,56.3,73.5,-0.7265897,-0.9014012,-0.2697358,-0.3410783,-0.7247437,-0.5767301,
14,Nicaragua,NIC,2012-01,0.656608711,0.633,0.815,0.529,0.589,29,4.5,54.6,9.5,55.6,65.8,43.6,38.9,56.3,73.5,-0.7745718,-0.8949555,-0.3487776,-0.2953102,-0.7322436,-0.5363405,
14,Nicaragua,NIC,2013-01,0.662154061,0.639,0.818,0.536,0.594,28,3.5,53.2,9.7,54.6,61.7,40,44.4,56.3,70.6,-0.7359387,-0.8166822,-0.2492159,-0.2932877,-0.6747248,-0.4576483,
14,Nicaragua,NIC,2014-01,0.674215099,0.649,0.822,0.553,0.6,28,3.5,52.6,10.2,53.2,61.7,32.9,44.4,56.3,70.6,-0.8853124,-0.8379031,-0.0407801,-0.3933742,-0.7122435,-0.3957275,
14,Nicaragua,NIC,2015-01,0.676664614,0.652,0.825,0.555,0.605,27,3.5,48.1,10.6,52.6,61.7,32.9,44.4,56.3,67.6,-0.8882873,-0.8159055,-0.0866075,-0.3944113,-0.7361089,-0.4147553,
14,Nicaragua,NIC,2016-01,0.682567213,0.657,0.829,0.562,0.61,26,4.5,46.6,10.6,48.1,45,32.9,38.9,56.3,67.6,-0.8714551,-0.6885888,-0.0887977,-0.5067052,-0.6442274,-0.680073,
14,Nicaragua,NIC,2017-01,0.686230282,0.661,0.832,0.566,0.615,26,4.5,36.3,10.7,46.6,34.2,32.9,38.9,56.3,70.6,-0.8722351,-0.6297874,-0.0489222,-0.6719558,-0.6448976,-0.7175799,
14,Nicaragua,NIC,2018-01,0.687466363,0.659,0.835,0.566,0.607,25,5.5,35.5,11.1,36.3,26.7,18.6,38.9,56.3,41.2,-1.092894,-0.8024699,-0.9427003,-0.7052147,-1.059304,-1.082794,
15,Panama,PAN,2007-01,0.758435891,0.767,0.865,0.665,0.785,32,1.5,73.5,8.1,73.5,95.8,71.4,55.6,56.3,88.2,-0.3004165,0.1382022,-0.0606814,0.3723588,-0.1498149,0.6212651,0.539
15,Panama,PAN,2008-01,0.758606617,0.771,0.868,0.663,0.797,34,1.5,73.5,8.4,73.5,95.8,71.4,55.6,56.3,88.2,-0.0863936,0.1234344,-0.0970655,0.6200064,-0.1745903,0.600691,0.528
15,Panama,PAN,2009-01,0.761061758,0.772,0.871,0.665,0.797,34,1.5,71.5,9.2,72.5,95.8,69.65,55.6,53.15,88.2,-0.2951975,0.1434586,0.0636812,0.369856,-0.0882209,0.5912631,0.53
15,Panama,PAN,2010-01,0.762371301,0.774,0.874,0.665,0.798,36,1.5,70.8,9.5,71.5,95.8,67.9,55.6,50,88.2,-0.3207669,0.1372251,-0.1160482,0.3807888,-0.0738092,0.5371985,0.529
15,Panama,PAN,2011-01,0.761954067,0.78,0.877,0.662,0.816,32.7,1.5,70.8,9.1,70.8,95.8,64.3,55.6,50,88.2,-0.3169947,0.0858171,-0.0282189,0.4256283,0.0187637,0.5346385,0.528
15,Panama,PAN,2012-01,0.766707245,0.786,0.88,0.668,0.825,38,1.5,70.8,8.8,70.8,95.8,64.3,55.6,50,88.2,-0.3580228,0.2850275,-0.1794327,0.3772442,-0.191678,0.4694169,0.526
15,Panama,PAN,2013-01,0.77145447,0.791,0.883,0.674,0.833,35,2,70.8,8.5,70.8,95.8,64.3,55.6,50,88.2,-0.3458192,0.2886036,-0.1412609,0.3634679,-0.2160364,0.4242718,0.524
15,Panama,PAN,2014-01,0.776766374,0.795,0.886,0.681,0.834,37,2,71.9,8.2,70.8,95.8,64.3,55.6,50,88.2,-0.3396304,0.2621191,0.2090082,0.371192,-0.0595249,0.5056279,0.502
15,Panama,PAN,2015-01,0.77808033,0.799,0.889,0.681,0.843,39,2,71.3,8.5,71.9,95.8,64.3,61.1,50,88.2,-0.3707323,0.2921956,0.3860773,0.3525367,-0.1063532,0.5585108,0.499
15,Panama,PAN,2016-01,0.785661505,0.805,0.892,0.692,0.847,38,2,70.8,8.5,71.3,95.8,64.3,61.1,50,85.3,-0.4947366,0.1857315,0.4114301,0.3606293,0.0495611,0.5239984,0.495
15,Panama,PAN,2017-01,0.7898196,0.811,0.895,0.697,0.854,37,2,70.5,8.8,70.8,95.8,67.9,61.1,50,79.4,-0.5397719,0.0218192,0.3897088,0.387362,0.0384749,0.5188022,0.505
15,Panama,PAN,2018-01,0.790701587,0.812,0.897,0.697,0.857,37,1.5,70.5,8.8,70.5,95.8,60.7,66.7,50,79.4,-0.5544491,-0.019452,0.2688772,0.3613167,-0.0924071,0.5728099,0.501
16,Paraguay,PRY,2007-01,0.674513158,0.675,0.801,0.568,0.674,24,3,61.6,6.1,62.8,81.25,55.35,50,43.8,83.85,-1.183495,-0.8687558,-0.7380725,-0.5868172,-0.9733416,-0.1649585,0.536
16,Paraguay,PRY,2008-01,0.68405263,0.684,0.804,0.582,0.683,24,3,64,5.8,64,83.3,60.7,50,43.8,82.4,-0.9771966,-0.8867102,-0.724695,-0.5159901,-0.928021,-0.1157367,0.516
16,Paraguay,PRY,2009-01,0.68178589,0.681,0.807,0.576,0.68,21,3,64,7,64,83.3,60.7,50,43.8,82.4,-0.8036359,-0.9216511,-0.8821292,-0.4446054,-0.883755,-0.134578,0.503
16,Paraguay,PRY,2010-01,0.696555813,0.696,0.81,0.599,0.694,22,3,64,6.4,64,83.3,60.7,50,43.8,82.4,-0.7290341,-0.9323817,-0.8348622,-0.3556239,-0.8634188,-0.0789331,0.527
16,Paraguay,PRY,2011-01,0.700751026,0.701,0.813,0.604,0.7,22.2,3,62.6,7.3,64,83.3,60.7,50,43.8,82.4,-0.7157609,-0.8445076,-0.6925966,-0.3714205,-0.8367354,-0.08329,0.535
16,Paraguay,PRY,2012-01,0.702623655,0.701,0.816,0.605,0.696,25,3,62.6,8.6,62.6,83.3,53.6,50,43.8,82.4,-0.8575233,-0.889456,-0.8719022,-0.321478,-0.846209,-0.1137369,0.489
16,Paraguay,PRY,2013-01,0.715318111,0.712,0.82,0.624,0.707,24,3,62.6,8.2,62.6,83.3,53.6,50,43.8,82.4,-1.037924,-0.8721671,-0.7358616,-0.3103102,-0.8081432,-0.104939,0.495
16,Paraguay,PRY,2014-01,0.716625425,0.715,0.823,0.624,0.713,24,3,63.3,8.4,62.6,83.3,53.6,50,43.8,82.4,-0.9696631,-0.9191684,-0.0886275,-0.2830149,-0.6731596,-0.1028423,0.522
16,Paraguay,PRY,2015-01,0.724230626,0.721,0.826,0.635,0.715,27,3,62.7,8.8,63.3,83.3,57.1,50,43.8,82.4,-0.9470149,-0.9483867,0.038498,-0.270921,-0.6915742,-0.0699359,0.494
16,Paraguay,PRY,2016-01,0.72281948,0.722,0.828,0.631,0.719,30,3,63.1,8.5,62.7,83.3,57.1,50,43.8,79.4,-0.7096779,-0.7923338,0.1417897,-0.2999762,-0.7297484,-0.0631443,0.497
16,Paraguay,PRY,2017-01,0.725847091,0.726,0.831,0.634,0.726,29,3,62.4,8.6,63.1,87.5,60.7,50,43.8,73.5,-0.725212,-0.8237901,0.0017337,-0.231345,-0.6510393,-0.0440115,0.503
16,Paraguay,PRY,2018-01,0.727292926,0.727,0.833,0.635,0.728,29,3,62.4,8.6,62.4,87.5,57.1,50,43.8,73.5,-0.8388299,-0.5172144,-0.0713127,-0.0752819,-0.523654,0.0554064,0.474
17,Peru,PER,2007-01,0.727329361,0.704,0.824,0.642,0.661,35,2.5,61.1,8.9,62.1,87.5,37.9,55.6,50,79.4,-0.2462706,-0.5212563,-0.7730581,0.2779833,-0.7295002,0.108357,0.518
17,Peru,PER,2008-01,0.735312179,0.715,0.828,0.653,0.675,36,2.5,63.1,9.3,63.1,87.5,42.9,55.6,50,79.4,-0.1869539,-0.3564379,-0.8907055,0.3453731,-0.7044131,0.1521348,0.495
17,Peru,PER,2009-01,0.739221212,0.718,0.833,0.656,0.676,37,2.5,64,10.2,63.55,87.5,46.45,52.8,50,80.9,-0.3052301,-0.4166843,-1.179883,0.3866532,-0.613784,0.083486,0.488
17,Peru,PER,2010-01,0.738731345,0.721,0.837,0.652,0.685,35,2.5,65.9,9.5,64,87.5,50,50,50,82.4,-0.2288108,-0.1911707,-0.9999154,0.4503337,-0.5629226,0.1111375,0.471
17,Peru,PER,2011-01,0.755563366,0.734,0.842,0.678,0.693,33.9,2.5,64.7,9,65.9,91.7,50,55.6,50,82.4,-0.2199591,-0.1571881,-0.7607497,0.4635442,-0.5765122,0.1312396,0.463
17,Peru,PER,2012-01,0.76347495,0.742,0.846,0.689,0.702,38,2.5,65.4,9.4,64.7,91.7,50,55.6,43.8,82.4,-0.3704499,-0.1449162,-0.9073647,0.4919731,-0.5743826,0.1142629,0.457
17,Peru,PER,2013-01,0.769707737,0.75,0.85,0.697,0.712,38,2.5,65.4,10.3,65.4,91.7,50,50,50,85.3,-0.4234869,-0.1147713,-0.8057398,0.458948,-0.565968,0.084785,0.453
17,Peru,PER,2014-01,0.783598111,0.76,0.854,0.719,0.715,38,2.5,65.8,11.1,65.4,91.7,50,50,50,85.3,-0.5603161,-0.2667779,-0.5506569,0.5209098,-0.5210678,0.1925171,0.446
17,Peru,PER,2015-01,0.779949998,0.759,0.858,0.709,0.719,36,2.5,66.5,11,65.8,91.7,50,61.1,43.8,82.4,-0.5338408,-0.2769882,-0.3975714,0.491347,-0.4854593,0.2273678,0.449
17,Peru,PER,2016-01,0.786712146,0.765,0.862,0.718,0.722,35,2.5,64.9,10.4,66.5,91.7,53.6,61.1,43.8,82.4,-0.3673783,-0.1786185,-0.2017269,0.5083464,-0.482023,0.2689729,0.452
17,Peru,PER,2017-01,0.790180992,0.767,0.866,0.721,0.722,37,2.5,66,11.4,64.9,91.7,53.6,55.6,50,73.5,-0.4962701,-0.1295326,-0.2595354,0.4182274,-0.5012987,0.273923,0.448
17,Peru,PER,2018-01,0.795381669,0.771,0.869,0.728,0.725,35,2.5,66,11.1,66,91.7,50,55.6,56.3,76.5,-0.5318839,-0.2454309,-0.2617153,0.4983543,-0.5298474,0.2292641,0.439
18,Uruguay,URY,2007-01,0.770318116,0.765,0.865,0.686,0.752,67,1,79.6,11.7,80.2,100,82.1,50,71.9,97.1,1.243985,0.5312065,0.8354977,0.2756489,0.6046594,1.045523,0.468
18,Uruguay,URY,2008-01,0.772776811,0.769,0.868,0.688,0.761,69,1,80.8,12.2,80.8,100,82.1,50,75,97.1,1.308401,0.5009665,0.8462693,0.2557974,0.5952185,1.062145,0.453
18,Uruguay,URY,2009-01,0.779716615,0.775,0.871,0.698,0.766,67,1,81,12.7,80.9,100,83.9,47.2,75,98.55,1.238403,0.5959123,0.7903185,0.3753503,0.7180718,1.105795,0.447
18,Uruguay,URY,2010-01,0.785627774,0.782,0.873,0.707,0.777,69,1,81.7,12.7,81,100,85.7,44.4,75,100,1.279333,0.6269566,0.824986,0.394081,0.7385979,1.146545,0.438
18,Uruguay,URY,2011-01,0.792070073,0.789,0.875,0.717,0.784,70.4,1,81.7,13.4,81.7,100,89.3,44.4,75,100,1.27888,0.5537435,0.9570969,0.4360313,0.6990169,1.121431,0.413
18,Uruguay,URY,2012-01,0.798485441,0.793,0.877,0.727,0.783,72,1,81.7,13.8,81.7,100,89.3,44.4,75,100,1.355477,0.441899,0.7091678,0.4357729,0.5931783,1.060967,0.391
18,Uruguay,URY,2013-01,0.803781687,0.8,0.879,0.735,0.792,73,1,81.7,14.2,81.7,100,89.3,44.4,75,100,1.375125,0.4476831,0.8047382,0.542352,0.5642819,1.085263,0.397
18,Uruguay,URY,2014-01,0.807973391,0.803,0.881,0.741,0.795,73,1,81.7,14.3,81.7,100,89.3,44.4,75,100,1.378793,0.4827862,0.9918796,0.5301751,0.7105753,1.107863,0.392
18,Uruguay,URY,2015-01,0.809980864,0.806,0.883,0.743,0.798,74,1,81.7,14.9,81.7,100,89.3,44.4,75,100,1.316853,0.5288608,1.004238,0.4245313,0.712418,1.143404,0.392
18,Uruguay,URY,2016-01,0.816336328,0.81,0.885,0.753,0.799,71,1,81.2,15.9,81.7,100,89.3,44.4,75,100,1.267499,0.5741805,1.06258,0.4894556,0.6303942,1.163035,0.391
18,Uruguay,URY,2017-01,0.82050777,0.814,0.887,0.759,0.801,70,1,83.8,16.8,81.2,100,89.3,44.4,75,97.1,1.292724,0.4317831,1.050551,0.6573098,0.5857227,1.166267,0.39
18,Uruguay,URY,2018-01,0.823593953,0.816,0.889,0.763,0.801,70,1,83.8,17.2,83.8,100,85.7,61.1,75,97.1,1.259947,0.5582148,1.041839,0.5127553,0.5945194,1.214225,0.391
19,Venezuela (Bolivarian Republic of),VEN,2007-01,0.723790025,0.748,0.816,0.642,0.798,20,4,54.2,12.8,53.8,67.9,39.65,55.6,46.9,58.8,-1.113234,-1.092995,-1.227591,-1.443969,-1.57443,-0.7457311,0.391
19,Venezuela (Bolivarian Republic of),VEN,2008-01,0.734977551,0.757,0.816,0.662,0.803,19,4,53.4,13.1,53.4,65.8,42.9,55.6,43.8,58.8,-1.16722,-1.137684,-1.311038,-1.387424,-1.623528,-0.7522194,0.379
19,Venezuela (Bolivarian Republic of),VEN,2009-01,0.738199837,0.756,0.817,0.667,0.794,19,4.5,51.8,13,52.6,63.75,41.1,55.6,43.8,58.8,-1.192175,-0.9929981,-1.276015,-1.593088,-1.617913,-0.8535612,0.381
19,Venezuela (Bolivarian Republic of),VEN,2010-01,0.74206334,0.757,0.817,0.674,0.789,20,5,50.8,11.6,51.8,61.7,39.3,55.6,43.8,58.8,-1.22752,-1.111922,-1.256237,-1.623488,-1.654282,-0.8705474,0.364
19,Venezuela (Bolivarian Republic of),VEN,2011-01,0.758936756,0.769,0.817,0.705,0.791,18.9,5,51.5,13.4,50.8,56.7,39.3,55.6,43.8,58.8,-1.173889,-1.190891,-1.094046,-1.481942,-1.675726,-0.9340336,0.368
19,Venezuela (Bolivarian Republic of),VEN,2012-01,0.760084206,0.772,0.816,0.708,0.796,19,5,50.7,14.4,51.5,56.7,42.9,55.6,43.8,58.8,-1.268169,-1.145259,-1.027133,-1.517801,-1.689822,-0.9069637,0.384
19,Venezuela (Bolivarian Republic of),VEN,2013-01,0.767682226,0.777,0.814,0.724,0.795,20,5,50.7,16.1,50.7,52.5,42.9,55.6,43.8,58.8,-1.314032,-1.167143,-1.077632,-1.630421,-1.821133,-0.9515774,0.388
19,Venezuela (Bolivarian Republic of),VEN,2014-01,0.76726788,0.775,0.812,0.725,0.791,19,5,50,18.8,50.7,52.5,42.9,55.6,43.8,58.8,-1.399562,-1.226763,-0.8520022,-1.815137,-1.916324,-1.083765,0.378
19,Venezuela (Bolivarian Republic of),VEN,2015-01,0.765320848,0.769,0.809,0.724,0.778,17,5,46.8,18.8,50,60.8,39.3,50,43.8,55.9,-1.391322,-1.219922,-0.9771809,-1.884915,-2.032368,-1.091086,0.381
19,Venezuela (Bolivarian Republic of),VEN,2016-01,0.762844676,0.759,0.806,0.722,0.752,17,5.5,38.7,18.8,46.8,56.7,25,55.6,43.8,52.9,-1.353828,-1.285731,-1.024604,-1.996754,-2.24108,-1.135475,0.38
19,Venezuela (Bolivarian Republic of),VEN,2017-01,0.750199973,0.743,0.804,0.7,0.729,18,5.5,31.6,18.8,38.7,21.7,28.6,61.1,43.8,38.2,-1.364074,-1.398328,-1.25186,-1.959076,-2.255286,-1.209964,0.381
19,Venezuela (Bolivarian Republic of),VEN,2018-01,0.749266308,0.733,0.802,0.7,0.701,18,6.5,28.8,18.8,31.6,16.7,17.9,44.4,43.8,35.3,-1.470778,-1.581517,-1.31525,-2.363919,-2.322118,-1.414613,0.377
20,Latin America and the Caribbean,AL,2007-01,0.712594555,0.719,0.823,0.617,0.733,,,,9.2,,,,,,,,,,,,,0.51
20,Latin America and the Caribbean,AL,2008-01,0.720800943,0.726,0.826,0.629,0.737,,,,9.5,,,,,,,,,,,,,0.5
20,Latin America and the Caribbean,AL,2009-01,0.724973103,0.727,0.829,0.634,0.732,,,,10.6,,,,,,,,,,,,,0.49
20,Latin America and the Caribbean,AL,2010-01,0.727428347,0.731,0.832,0.636,0.738,,,,10.5,,,,,,,,,,,,,0.49
20,Latin America and the Caribbean,AL,2011-01,0.734445369,0.737,0.835,0.646,0.743,,,,10.3,,,,,,,,,,,,,0.48
20,Latin America and the Caribbean,AL,2012-01,0.73702985,0.74,0.837,0.649,0.746,,,,10.6,,,,,,,,,,,,,0.48
20,Latin America and the Caribbean,AL,2013-01,0.747957218,0.748,0.84,0.666,0.749,,,,10.9,,,,,,,,,,,,,0.48
20,Latin America and the Caribbean,AL,2014-01,0.753219092,0.752,0.843,0.673,0.75,,,,10.9,,,,,,,,,,,,,0.47
20,Latin America and the Caribbean,AL,2015-01,0.756349787,0.754,0.845,0.677,0.748,,,,11.2,,,,,,,,,,,,,0.47
20,Latin America and the Caribbean,AL,2016-01,0.761598319,0.756,0.848,0.684,0.745,,,,11.3,,,,,,,,,,,,,0.47
20,Latin America and the Caribbean,AL,2017-01,0.763609848,0.758,0.85,0.686,0.745,,,,11.5,,,,,,,,,,,,,0.46
20,Latin America and the Caribbean,AL,2018-01,0.765513553,0.759,0.853,0.687,0.745,,,,11.3,,,,,,,,,,,,,0.46
21,World,WORLD,2007-01,0.659477066,0.682,0.763,0.57,0.73,,,,,,,,,,,,,,,,,
21,World,WORLD,2008-01,0.666837311,0.688,0.768,0.579,0.733,,,,,,,,,,,,,,,,,
21,World,WORLD,2009-01,0.672461895,0.691,0.773,0.585,0.731,,,,,,,,,,,,,,,,,
21,World,WORLD,2010-01,0.678657498,0.697,0.778,0.592,0.736,,,,,,,,,,,,,,,,,
21,World,WORLD,2011-01,0.684981752,0.703,0.782,0.6,0.74,,,,,,,,,,,,,,,,,
21,World,WORLD,2012-01,0.691164959,0.708,0.787,0.607,0.744,,,,,,,,,,,,,,,,,
21,World,WORLD,2013-01,0.697343531,0.713,0.792,0.614,0.747,,,,,,,,,,,,,,,,,
21,World,WORLD,2014-01,0.702509786,0.718,0.796,0.62,0.751,,,,,,,,,,,,,,,,,
21,World,WORLD,2015-01,0.707229807,0.722,0.799,0.626,0.754,,,,,,,,,,,,,,,,,
21,World,WORLD,2016-01,0.711823714,0.727,0.803,0.631,0.757,,,,,,,,,,,,,,,,,
21,World,WORLD,2017-01,0.714281457,0.729,0.806,0.633,0.761,,,,,,,,,,,,,,,,,
21,World,WORLD,2018-01,0.71560953,0.731,0.809,0.633,0.764,,,,,,,,,,,,,,,,,
